# mc delta_mc R14 alpha_dyn log_f_disk theta s1z s2z sigma_sys md vd mw vw lnL lnp lnps weights
1.186480915929178703e+00 3.319028967639156558e-01 1.196210302150247884e+01 3.209141770664386550e-02 -3.369017788158628957e+00 5.518603159725863350e+00 7.731530355233823606e-03 2.435040515746553398e-03 2.970591657537517527e+00 2.711485513430793304e-02 2.010239509110353096e-01 5.469444881376545277e-06 2.010239509110353096e-01 -4.108255535156274618e+00 -6.742226481563669438e+00 2.114413025537607638e+01 6.650526092539375985e-05
1.186667040562947362e+00 3.240868664994873694e-01 1.190050332702070435e+01 3.952905534384562602e-02 -1.479528437331894541e-01 5.695362363085141766e+00 2.347451224756928528e-04 8.791103341696825113e-03 7.673864323496720097e+00 2.248082555209428984e-02 2.041357125702263353e-01 9.434041655411607580e-03 2.041357125702263353e-01 -5.068489318554696865e+00 -6.647200214648764316e+00 2.114413025537607638e+01 2.799633306708672911e-05
1.186682111344878887e+00 3.299420447295650094e-01 1.195651632593913050e+01 3.174461045684365962e-02 2.784324171660041980e+00 5.621771194644412439e+00 1.946263434327300413e-03 4.858243013312725858e-03 8.005973259538565756e-01 2.419503635823182577e-02 2.015929041312565784e-01 1.000000000000000056e-01 2.015929041312565784e-01 -2.492402358203122503e+00 -6.684257959821307438e+00 2.114413025537607638e+01 3.546398455370841055e-04
1.186684005088174398e+00 3.256780110594112987e-01 1.191681295077169089e+01 3.960185409884878216e-02 1.033146779577182262e+00 6.069041403280698077e+00 1.549771319221456424e-04 2.496565783694096232e-03 6.552563959439113184e+00 2.434682577480869539e-02 2.034237162188409220e-01 1.000000000000000056e-01 2.034237162188409220e-01 -2.216410278906266740e+00 -6.434777863257642672e+00 2.114413025537607638e+01 5.997872030639252216e-04
1.186596436921679709e+00 3.309988495842650646e-01 1.196144786638395452e+01 3.163874369144609178e-02 6.766050450424174745e-01 5.674695220099992277e+00 2.046521402991549783e-03 6.436530468867866610e-04 1.166583135865910670e+00 2.547925531204322386e-02 2.012421827819956266e-01 6.239621202289018925e-02 2.012421827819956266e-01 -1.459655089257807958e+00 -6.653007084048184083e+00 2.114413025537607638e+01 1.027722943633559106e-03
1.186709861349851458e+00 3.266960780327879954e-01 1.192587528569136879e+01 3.478271838075897709e-02 3.294514241123021936e+00 5.813972112500759515e+00 1.688841021264899950e-03 1.642920383978067412e-03 7.269610609721498307e+00 2.249919372230703082e-02 2.030063645612237289e-01 1.000000000000000056e-01 2.030063645612237289e-01 -2.487533834765628171e+00 -6.577299782886091961e+00 2.114413025537607638e+01 3.966004914572003929e-04
1.186471343225184771e+00 3.355207590911244986e-01 1.198884455652362391e+01 3.023091622468839987e-02 5.210332897736170921e+00 5.730882423817647009e+00 2.031098550381916969e-03 8.703527828007333669e-03 3.034691200682077650e+00 3.100131568767132070e-02 1.996277108005641843e-01 1.000000000000000056e-01 1.996277108005641843e-01 -4.928975062304658650e+00 -6.616911075420142119e+00 2.114413025537607638e+01 3.317766588322271801e-05
1.186495573111930879e+00 3.281915272140970008e-01 1.192309082246565310e+01 3.750649163645718848e-02 7.356029798077944548e+00 5.772779951330107906e+00 1.778088967383397280e-03 4.905402899169871052e-03 4.560796559695674546e+00 2.621418211458861891e-02 2.027466464531843537e-01 1.000000000000000056e-01 2.027466464531843537e-01 -4.312851485351586689e+00 -6.599572072568767211e+00 2.114413025537607638e+01 6.251081082550472934e-05
1.186588569742000221e+00 3.304956402725672260e-01 1.195019418577729908e+01 3.280543372180062117e-02 1.998916597557723662e+00 5.833786251861168282e+00 9.685267516722861989e-04 2.367964740227596846e-03 2.019684094619224268e+00 2.577628125967726044e-02 2.016304008213547494e-01 1.000000000000000056e-01 2.016304008213547494e-01 -1.505605099804711244e+00 -6.562807320779516118e+00 2.114413025537607638e+01 1.074220597828933789e-03
1.186476748974468531e+00 3.318327797024511194e-01 1.196123041158899447e+01 3.348523093384939836e-02 5.365121829527812913e+00 5.416170238182743013e+00 3.329211776874022900e-03 1.584694603410042105e-02 4.397623920278416421e+00 2.818964203676968538e-02 2.010590483118147587e-01 1.000000000000000056e-01 2.010590483118147587e-01 -5.576800867382871729e+00 -6.801837474207005130e+00 2.114413025537607638e+01 1.442733586965080115e-05
1.186814635084711522e+00 3.341010020959508942e-01 1.198970988705653973e+01 3.081654684930473787e-02 2.603909018963703303e+00 6.022369491269762065e+00 3.699213656006090402e-03 2.471692013808916410e-03 7.065290553003551466e+00 2.926177906577986931e-02 1.999679486822583119e-01 1.000000000000000056e-01 1.999679486822583119e-01 -2.076797284765603990e+00 -6.453235416561033944e+00 2.114413025537607638e+01 6.770400109844030125e-04
1.186644703368703757e+00 3.293349261034439479e-01 1.194056186371150652e+01 3.131866682734747026e-02 6.208342100823794896e-01 5.939379799034252727e+00 1.620037388217899620e-03 2.650239629320082571e-03 4.043543057770715876e+00 2.318682971525493075e-02 2.021151673233702040e-01 5.352990955315168470e-02 2.021151673233702040e-01 -1.898387853710943318e+00 -6.504179885782550130e+00 2.114413025537607638e+01 7.690802600375429331e-04
1.186657447635334206e+00 3.311885973149868434e-01 1.196573936779466862e+01 3.239131280484074116e-02 5.785558926694879034e+00 5.744837553485833581e+00 9.587306665508300244e-04 1.563987243725145290e-02 5.346935392983190205e+00 2.633949254618965508e-02 2.011098319598828565e-01 1.000000000000000056e-01 2.011098319598828565e-01 -2.467601595703143857e+00 -6.612692313518246046e+00 2.114413025537607638e+01 3.905160867490371389e-04
1.186389482356470904e+00 3.289931718034758701e-01 1.194049441533690015e+01 3.264652882529379962e-02 3.774907080571057616e+00 5.781157681339301746e+00 4.927080370161875458e-03 1.437357821272300818e-03 2.689668033476475095e+00 2.369534914655524807e-02 2.021132341055267290e-01 1.000000000000000056e-01 2.021132341055267290e-01 -3.160271016015656187e+00 -6.594186506560861361e+00 2.114413025537607638e+01 1.990001443967684262e-04
1.186826470242174025e+00 3.301350004648170855e-01 1.195535576681950118e+01 3.214942744867886615e-02 3.175332670246642786e-01 5.687234916308969268e+00 4.186542818475127970e-04 3.148753616281294888e-03 3.422897426700591161e+00 2.478823608306846005e-02 2.016253333161485140e-01 2.712734994944409478e-02 2.016253333161485140e-01 -1.281120993749993886e+00 -6.646400411405084974e+00 2.114413025537607638e+01 1.236749279778536588e-03
1.186355379405634292e+00 3.276344036591671283e-01 1.193125703333185683e+01 3.739506647906907372e-02 -1.378140525236283498e+00 6.004452724238890760e+00 8.256034446260744055e-04 5.101618905921097291e-03 4.013676857024508493e-01 2.531309075998558478e-02 2.025988458961022198e-01 5.627659755422706727e-04 2.025988458961022198e-01 -4.469704277148423444e+00 -6.469412578857516749e+00 2.114413025537607638e+01 6.086426475798881961e-05
1.186709861349851458e+00 3.266960780327879954e-01 1.192587528569136879e+01 3.478271838075897709e-02 3.294514241123021936e+00 5.813972112500759515e+00 1.688841021264899950e-03 1.642920383978067412e-03 7.269610609721498307e+00 2.249919372230703082e-02 2.030063645612237289e-01 1.000000000000000056e-01 2.030063645612237289e-01 -2.487533834765628171e+00 -6.577299782886091961e+00 2.114413025537607638e+01 3.966004914572003929e-04
1.186650922446282674e+00 3.291175094359756192e-01 1.195129122442037328e+01 3.214964015314930590e-02 2.503214382789215597e-01 6.136427503647068349e+00 1.424292577102911862e-03 3.005577659283309531e-03 2.617615059966298396e+00 2.347350642834874004e-02 2.018760423430877027e-01 2.407243063293684412e-02 2.018760423430877027e-01 -2.585098997460931969e+00 -6.394319357599321130e+00 2.114413025537607638e+01 4.319650654033842891e-04
1.186527535128709676e+00 3.230211459149001096e-01 1.188621194257842895e+01 4.463653825714010426e-02 3.198399046829494274e+00 6.090842783008188377e+00 3.140855638591676623e-03 2.148901873110303611e-03 4.397750653806951071e+00 2.410818914769054591e-02 2.046651522272366353e-01 1.000000000000000056e-01 2.046651522272366353e-01 -5.316801549218780565e+00 -6.425082042897613199e+00 2.114413025537607638e+01 2.727251669913351430e-05
1.186442182486181274e+00 3.321646825324197083e-01 1.196000201302555688e+01 3.211000448535716867e-02 -3.240739915153826978e+00 5.875930530719928768e+00 7.899168487596057095e-03 2.677898884068265813e-03 2.190086838098939559e+00 2.752535528956723265e-02 2.010196509152105682e-01 7.221896667828188293e-06 2.010196509152105682e-01 -4.136497047265663696e+00 -6.537594345721391420e+00 2.114413025537607638e+01 7.933438807084128655e-05
1.186743170050885032e+00 3.291987304853768448e-01 1.194094565037885403e+01 3.226400860683931865e-02 -1.862180097437130533e-01 6.240443737664244317e+00 5.039467465283875179e-04 5.441828425871880412e-03 1.976980950884788868e+00 2.372805750346962048e-02 2.021564710047958346e-01 8.351861783667941658e-03 2.021564710047958346e-01 -3.156645796484383482e+00 -6.336704586928539662e+00 2.114413025537607638e+01 2.583751734982997982e-04
1.186818900657108600e+00 3.302456643962699556e-01 1.195887492475759117e+01 3.364084891676855787e-02 -2.313299618122585333e+00 5.669356032359134545e+00 4.411079555765824028e-03 4.526185105381910073e-03 9.457612585852182008e-02 2.607058215513566313e-02 2.015102135666254068e-01 6.417165027127612234e-05 2.015102135666254068e-01 -2.380768446875009658e+00 -6.656550605648690500e+00 2.114413025537607638e+01 4.076642913507097445e-04
1.186685892525254582e+00 3.278127493274188842e-01 1.192647998986904945e+01 3.213244264112125742e-02 -8.548656485985212106e-02 6.406710960993192927e+00 4.097588392904110387e-03 9.897799807800287258e-03 5.889660237561532341e+00 2.202660202923164764e-02 2.027779558648927782e-01 1.050580272989050032e-02 2.027779558648927782e-01 -7.661236514062522929e+00 -6.247020135098737548e+00 2.114413025537607638e+01 3.125225447391297711e-06
1.186703087348378149e+00 3.312470365616878576e-01 1.196064672728824796e+01 3.129461967346357926e-02 3.097767847935983809e+00 5.599283731175066059e+00 5.126822238270239539e-04 2.556965984660015002e-03 1.367270525733583320e+00 2.556508795940852508e-02 2.012447905702173800e-01 1.000000000000000056e-01 2.012447905702173800e-01 -1.073354821093744249e+00 -6.696021128103670783e+00 2.114413025537607638e+01 1.448649647203322822e-03
1.186541562342301459e+00 3.270307423492830878e-01 1.192748965064006406e+01 3.466292204162105955e-02 -1.799110345991957516e+00 6.096996349889602484e+00 3.212397518459667424e-04 5.461549994973387105e-03 3.311170242252678975e-01 2.278223236354814593e-02 2.028581277550890460e-01 2.125064399547793689e-04 2.028581277550890460e-01 -4.013621103710960369e+00 -6.418150138955931006e+00 2.114413025537607638e+01 1.010880410039376366e-04
1.186797129488311064e+00 3.330195107335538474e-01 1.198007947106472670e+01 3.073703871216502612e-02 -1.628004884208430703e+00 5.653401568009064349e+00 2.542008857907673836e-03 6.945556229255456931e-03 2.214250398779419982e+00 2.755249197281090662e-02 2.004231130463537403e-01 3.040482831367658911e-04 2.004231130463537403e-01 -1.801985048242187304e+00 -6.663238976416463899e+00 2.114413025537607638e+01 7.223711379162194328e-04
1.186700624834489792e+00 3.331332380888700762e-01 1.198580112277275234e+01 3.154662816336613329e-02 -3.561423708766008334e-01 5.787806827479885285e+00 3.101165534542661348e-03 1.053967881991232404e-02 3.150921812691375834e+00 2.840025578641007867e-02 2.002251470092479835e-01 5.835873896223661358e-03 2.002251470092479835e-01 -2.611790846289068213e+00 -6.586449002995496294e+00 2.114413025537607638e+01 3.470688667902477233e-04
1.186595401081981471e+00 3.340107569141230193e-01 1.198816924118838223e+01 3.146862865625209282e-02 -1.879554253084553261e+00 6.164763492359003116e+00 4.185590794316323754e-04 7.569883324747624966e-03 6.932376705100601555e+00 2.969726550964919484e-02 1.999673958694185849e-01 1.714914464612849767e-04 1.999673958694185849e-01 -3.229716835351553073e+00 -6.374293890923931727e+00 2.114413025537607638e+01 2.313085067689943104e-04
1.186810361828071425e+00 3.216678466008252579e-01 1.188692498598073044e+01 4.870080655752968835e-02 1.047801866138926563e+00 6.328807897824979989e+00 2.023149463666042321e-03 3.113612836859461046e-03 2.372043301964446016e-01 2.462036222110952632e-02 2.049648135436432650e-01 1.000000000000000056e-01 2.049648135436432650e-01 -7.591763829101580541e+00 -6.294748833909652674e+00 2.114413025537607638e+01 3.193924495079318761e-06
1.186568155304897676e+00 3.298974289732439780e-01 1.196388976918090030e+01 3.313635001948721931e-02 -1.444804174927126983e+00 5.733549971753519436e+00 6.505701266217856805e-03 4.054990860755094441e-03 1.879975427857681680e+00 2.513502702286688970e-02 2.013779408248041469e-01 4.990563049402783240e-04 2.013779408248041469e-01 -5.330627665039088470e+00 -6.620356292137812737e+00 2.114413025537607638e+01 2.212656926777312302e-05
1.186675268254222981e+00 3.266890933221237581e-01 1.192033610960373835e+01 3.459204827724332576e-02 -5.300322889056023890e-01 5.907945860213799527e+00 3.251216664812359158e-03 1.726010471823585454e-03 3.943778010995488970e+00 2.239029441521607142e-02 2.031433966507281141e-01 3.847539360096052449e-03 2.031433966507281141e-01 -2.988737551757822075e+00 -6.524187117583239548e+00 2.114413025537607638e+01 2.533668411521665690e-04
1.186745153306617784e+00 3.287733836688597755e-01 1.194586105612700777e+01 3.902049340212998541e-02 2.891641201666045546e+00 5.791660664285550375e+00 2.777759301645787212e-03 9.861203661627787522e-04 5.509122759254129420e+00 2.802684133812673173e-02 2.021073835253256457e-01 1.000000000000000056e-01 2.021073835253256457e-01 -3.527857780859392278e+00 -6.588109878309843737e+00 2.114413025537607638e+01 1.386281839856678077e-04
1.186624785321062303e+00 3.282012183992127907e-01 1.194455353781132700e+01 3.529267003710600398e-02 1.409407461203349365e+00 5.779427018670613592e+00 2.760400204218131648e-03 3.185046522477096281e-03 5.340313804811309240e+00 2.458270916781740353e-02 2.022165393855415161e-01 1.000000000000000056e-01 2.022165393855415161e-01 -3.801933423632817721e+00 -6.595672733238363783e+00 2.114413025537607638e+01 1.046013979266945218e-04
1.186806878045014502e+00 3.301134822338498420e-01 1.196059686027994040e+01 3.156001243746787283e-02 1.918715642523426856e+00 6.102177398333364700e+00 2.649885162371101634e-03 2.215078748533428482e-03 2.329750543679629082e+00 2.427417578525183778e-02 2.014866845044716581e-01 1.000000000000000056e-01 2.014866845044716581e-01 -1.660108612500010850e+00 -6.412320628257604405e+00 2.114413025537607638e+01 1.069914301460087079e-03
1.186496548418743746e+00 3.309243558645119654e-01 1.195417220370835487e+01 3.230607065646348697e-02 2.557173354127422193e-01 6.183348152704608580e+00 7.933089594320701966e-04 6.475214013897214078e-03 1.847575929882627754e+00 2.593695423104615608e-02 2.014210020448778393e-01 2.317398415313440263e-02 2.014210020448778393e-01 -3.244480317773451361e+00 -6.366867942459930596e+00 2.114413025537607638e+01 2.296174843001837717e-04
1.186756029339365526e+00 3.315530603018292943e-01 1.197878772382792434e+01 3.031737349722191457e-02 1.851151835418183511e+00 5.481677445157957962e+00 8.684123428938048681e-04 3.618919976662819584e-03 3.475874478791397770e+00 2.508770611578470255e-02 2.007244127886266827e-01 1.000000000000000056e-01 2.007244127886266827e-01 -3.365384395507817317e+00 -6.763724302796697785e+00 2.114413025537607638e+01 1.368183829716396204e-04
1.186780311264045151e+00 3.327817479426075087e-01 1.197773877226669725e+01 3.053817319088174970e-02 -1.188160698199090204e+00 5.799377786719647432e+00 3.710972338393697494e-03 1.112002672815601972e-02 2.497126005519995751e+00 2.703069963249425667e-02 2.005254358052673269e-01 8.380033795036127050e-04 2.005254358052673269e-01 -1.513859305664084332e+00 -6.580122480580300248e+00 2.114413025537607638e+01 1.047101643293690387e-03
1.186384768428261793e+00 3.286730636035034014e-01 1.193692072019516282e+01 4.050550345387968904e-02 7.071155400681148784e+00 5.979542652151491389e+00 1.723766320520319327e-03 2.800598923687675130e-04 2.917025493441113504e+00 2.892777741706945363e-02 2.022653118416992690e-01 1.000000000000000056e-01 2.022653118416992690e-01 -5.323421124609382105e+00 -6.482428685405815294e+00 2.114413025537607638e+01 2.558262123367430505e-05
1.186604166378081748e+00 3.251928871307039892e-01 1.190384000608931281e+01 4.950986850890821966e-02 3.140846270948172148e+00 6.040669211504840597e+00 2.014532001026984355e-03 4.140117780654140739e-03 3.844607997236922259e+00 2.975887871930124259e-02 2.038304386822480385e-01 1.000000000000000056e-01 2.038304386822480385e-01 -6.144909769335953342e+00 -6.451095103256775154e+00 2.114413025537607638e+01 1.160873927597910717e-05
1.186673280378170769e+00 3.329460829406588607e-01 1.198261394151997195e+01 3.120858615341182835e-02 3.039664958175032350e+00 5.815730525315338184e+00 1.675453796029892101e-03 1.791597624428954965e-03 5.959713242335960892e+00 2.782334944889614317e-02 2.003374008479444912e-01 1.000000000000000056e-01 2.003374008479444912e-01 -9.033030871093785663e-01 -6.570781615026085376e+00 2.114413025537607638e+01 1.946286293286282609e-03
1.186762425274046517e+00 3.312094874451139703e-01 1.195002775873162726e+01 3.866402218243753658e-02 2.325222456358271295e+00 5.907798766159944037e+00 1.797865783647688894e-03 1.439851851669907363e-03 4.583260680140023524e+00 3.160867615522356538e-02 2.015471103783967877e-01 1.000000000000000056e-01 2.015471103783967877e-01 -5.837999317187495762e+00 -6.520194786235618878e+00 2.114413025537607638e+01 1.472532748693306295e-05
1.186701301228727301e+00 3.318998236048744666e-01 1.196452924761860181e+01 3.074842302534651697e-02 -1.003200466264260404e+00 5.739819706831144508e+00 4.073434327856602019e-03 1.005626599782485572e-02 1.574753513792932047e+00 2.600068677329180414e-02 2.010191511898812289e-01 1.264362552130068222e-03 2.010191511898812289e-01 -2.045055799023430154e+00 -6.614881253764892222e+00 2.114413025537607638e+01 5.945626065204289096e-04
1.186611113926972161e+00 3.304255326969486872e-01 1.195375406755470671e+01 3.597766763798324746e-02 -8.253148132039427320e-01 5.842082292537068788e+00 8.135118860008772089e-04 4.507629531724038907e-03 2.695970092107434546e+00 2.814455063700920662e-02 2.015559509317964570e-01 1.944133374680966390e-03 2.015559509317964570e-01 -2.275967379882814612e+00 -6.558151177995988235e+00 2.114413025537607638e+01 4.995184403545237977e-04
1.186471990070310678e+00 3.332663455156482102e-01 1.198559449805246047e+01 3.080623105860709129e-02 1.443256069935650920e+00 5.718032486212884180e+00 2.145514426211929740e-03 7.756675163753529167e-04 2.697628148291651762e+00 2.789481560375963939e-02 2.001444216485915306e-01 1.000000000000000056e-01 2.001444216485915306e-01 -2.782787039843753973e+00 -6.626285174924892551e+00 2.114413025537607638e+01 2.810944849371810848e-04
1.186604596195475425e+00 3.332022857735029153e-01 1.198069775585334718e+01 3.159255244345979263e-02 9.284447824258530435e-01 6.029607796070165726e+00 1.525412603802627767e-03 3.571517011106360153e-04 3.936637654440763079e+00 2.856339303200187280e-02 2.003208718711326775e-01 1.000000000000000056e-01 2.003208718711326775e-01 -9.770344136718733807e-01 -6.450176293797531102e+00 2.114413025537607638e+01 2.039688472143245512e-03
1.186973119771788765e+00 3.303427580203217584e-01 1.196637644957747604e+01 3.327695260375315017e-02 -1.294928524340889897e+00 6.185921724590251358e+00 5.405499715555215148e-03 3.693383159780030522e-03 5.344755477999964199e+00 2.590671577339985140e-02 2.013359736008656364e-01 6.812418444567545960e-04 2.013359736008656364e-01 -3.719080230468762238e+00 -6.365562320740388635e+00 2.114413025537607638e+01 1.430394579192341583e-04
1.186708656361814773e+00 3.260752756575770461e-01 1.192156173093303018e+01 4.262727342255756557e-02 1.648935393433860641e+00 5.799463236346965367e+00 4.963909341062804591e-03 2.391550686834993059e-03 7.910508375152716098e-01 2.672569996115949781e-02 2.032331551822503801e-01 1.000000000000000056e-01 2.032331551822503801e-01 -4.619217380468768397e+00 -6.586082211589378232e+00 2.114413025537607638e+01 4.664023034677277106e-05
1.186684209007080604e+00 3.297830011001426365e-01 1.194546426591376331e+01 3.058620389081196864e-02 7.730390520647259400e+00 6.290359112522735607e+00 5.920212283502278077e-04 3.689996930384418020e-03 7.553746549884879258e+00 2.317231348280003253e-02 2.019132941061012043e-01 1.000000000000000056e-01 2.019132941061012043e-01 -3.205586557031267603e+00 -6.308813268821398701e+00 2.114413025537607638e+01 2.529933609452225175e-04
1.186372196630596454e+00 3.331180575258005927e-01 1.197220572326439125e+01 3.074695993160040525e-02 -7.948271642171698126e-01 5.853914084842829268e+00 1.902382054861383436e-03 7.645320037529958028e-04 3.704272915894790685e-01 2.767883023526743203e-02 2.004989009377395881e-01 2.051808387387468041e-03 2.004989009377395881e-01 -1.724825927539086479e+00 -6.549245689508501833e+00 2.114413025537607638e+01 8.745342473204796878e-04
1.186621985282609426e+00 3.276044697292113117e-01 1.193080491843492652e+01 3.704197870990717095e-02 8.174743866427993666e+00 6.051981366414843855e+00 2.118264551347591625e-03 3.613888229501545368e-03 5.644446246417636814e+00 2.508148418571074997e-02 2.026863909231623184e-01 1.000000000000000056e-01 2.026863909231623184e-01 -2.912714720507835864e+00 -6.442651849082539961e+00 2.114413025537607638e+01 2.966035810568468903e-04
1.186732652002267407e+00 3.294476379165641733e-01 1.194410801319696880e+01 3.439493102110844497e-02 -1.207070002920548557e+00 5.768064210416150139e+00 3.948009767240030017e-05 1.123088854505731836e-02 2.828190709946544423e+00 2.561228558068991482e-02 2.020242998247283039e-01 7.993870915997529922e-04 2.020242998247283039e-01 -2.357082767578134508e+00 -6.600944943571623647e+00 2.114413025537607638e+01 4.413046096176590351e-04
1.186791336395678798e+00 3.324753628118544690e-01 1.197337561440200382e+01 3.147745696919005548e-02 2.846893402352887126e+00 5.777250576606137500e+00 4.967043281871605896e-03 4.387006196824391573e-03 4.467429113924008988e+00 2.742780232281609443e-02 2.007013452111572338e-01 1.000000000000000056e-01 2.007013452111572338e-01 -1.713772383593749282e+00 -6.592966807387885986e+00 2.114413025537607638e+01 8.464269335764756236e-04
1.186609511748387247e+00 3.334271891463886361e-01 1.198361452738490307e+01 3.589634574930411492e-02 6.335503553869743509e-01 6.146072235679353568e+00 4.373954190668952191e-03 3.776502078511475690e-03 2.106921505855331667e+00 3.283831913253719426e-02 2.002025155541556911e-01 5.612155740016878253e-02 2.002025155541556911e-01 -7.155772661132800749e+00 -6.385158875693325520e+00 2.114413025537607638e+01 4.512410709462601091e-06
1.186679146348504688e+00 3.305187988828736101e-01 1.195488403896961493e+01 3.384167491597822597e-02 4.791718011426971957e-01 5.746566066328702149e+00 4.813785464378093058e-04 1.150183676067608254e-02 1.277530049171655691e+00 2.661198950362384311e-02 2.015267744900893776e-01 3.905449912580005040e-02 2.015267744900893776e-01 -2.137834299023438689e+00 -6.612285706428154164e+00 2.114413025537607638e+01 5.432899022676525953e-04
1.186632609438398989e+00 3.283601385086894475e-01 1.193393964494933890e+01 4.104860102476871886e-02 3.022944545887829015e+00 5.748508208418702914e+00 8.571861941490695582e-04 9.794058224374476915e-03 7.952564940005872884e+00 2.890215427846025767e-02 2.024669755315707254e-01 1.000000000000000056e-01 2.024669755315707254e-01 -4.713587509179717472e+00 -6.613132254706835411e+00 2.114413025537607638e+01 4.130746808926993017e-05
1.186489334579839072e+00 3.252361805804602213e-01 1.189829929556257504e+01 3.898397103553641330e-02 6.874801290776764162e+00 5.987524129426575747e+00 1.686474676783353082e-04 8.067144111778487559e-03 3.654738498592768892e-01 2.349567153969922551e-02 2.039372539200925427e-01 1.000000000000000056e-01 2.039372539200925427e-01 -5.651636948828127061e+00 -6.480885372833284030e+00 2.114413025537607638e+01 1.845325451211691527e-05
1.186643366202172478e+00 3.304777407643669229e-01 1.196619437499432159e+01 3.172650870564840825e-02 -2.003505420178864238e+00 5.926953697359658157e+00 2.183746285896561064e-03 1.461070487494406248e-03 6.347721319104768334e+00 2.482505327810629117e-02 2.012281550704874133e-01 1.353601599710137356e-04 2.012281550704874133e-01 -1.753905157812511106e+00 -6.510157485680982958e+00 2.114413025537607638e+01 8.833313892133162022e-04
1.186714654342975850e+00 3.305695150809238592e-01 1.195277103246702488e+01 3.364467297361167092e-02 2.407881872712402505e+00 6.004951409216619851e+00 2.048002465770826577e-03 2.177540648674080107e-03 7.690125542016187588e+00 2.654811231135183885e-02 2.015821968327526359e-01 1.000000000000000056e-01 2.015821968327526359e-01 -1.779465349023439558e+00 -6.466230739306385367e+00 2.114413025537607638e+01 8.997050474748836089e-04
1.186630264276817837e+00 3.276606547089511712e-01 1.192450452606689737e+01 3.630329937698265064e-02 9.210198412616957597e+00 5.931420027557537722e+00 1.885308558232438175e-03 6.479102911960988101e-03 6.257961611875367147e+00 2.468979534011896820e-02 2.028431900108131347e-01 1.000000000000000056e-01 2.028431900108131347e-01 -3.526053808007816315e+00 -6.510149753046007071e+00 2.114413025537607638e+01 1.501386967475111587e-04
1.186706770747490314e+00 3.291468329175337715e-01 1.194181122774678627e+01 3.231598522184522815e-02 2.299935093466474623e+00 5.957956069247485331e+00 6.770345696849898627e-03 2.593839922746324356e-04 3.072921519042060012e-01 2.369055245383741570e-02 2.021338141925046461e-01 1.000000000000000056e-01 2.021338141925046461e-01 -2.437526671093763753e+00 -6.493853425560024206e+00 2.114413025537607638e+01 4.532224099820383683e-04
1.186673602095362101e+00 3.297822910835584986e-01 1.195407471036421754e+01 3.511490956869538910e-02 -2.420255660959357513e+00 5.886715538630449274e+00 5.888727769950515738e-04 7.940623716906011070e-03 4.640778850287029300e+00 2.654936482773814083e-02 2.016846397869848095e-01 5.056750014505910842e-05 2.016846397869848095e-01 -2.738452270703135127e+00 -6.533433738154809767e+00 2.114413025537607638e+01 3.224270999622330658e-04
1.186816536566444480e+00 3.319945849812437344e-01 1.197508375162612460e+01 3.118923078904437679e-02 1.963595102633887368e+00 5.314788615550693152e+00 2.782726111573784623e-03 1.836326344045431571e-03 1.397608477555562168e+00 2.646810549708082314e-02 2.007541178867386922e-01 1.000000000000000056e-01 2.007541178867386922e-01 -3.309895088671879648e+00 -6.860753138557135422e+00 2.114413025537607638e+01 1.312514364356718709e-04
1.186640017069668707e+00 3.321626626875878174e-01 1.197259912363430878e+01 3.009500459247962598e-02 7.107505605505011204e+00 5.627960423368419285e+00 2.110148942421122536e-04 2.789894102242671155e-03 5.465143625457340448e+00 2.575756048764133235e-02 2.007408028168231606e-01 1.000000000000000056e-01 2.007408028168231606e-01 0.000000000000000000e+00 -6.678753087822499879e+00 2.114413025537607638e+01 4.311365632893231908e-03
1.186590369038420301e+00 3.302360234492939250e-01 1.194522831262766971e+01 3.281857810319863816e-02 7.313750720663743099e-01 5.792726062574606871e+00 3.428526582106700398e-03 6.808320066681673504e-04 3.587607341984019982e+00 2.545851965604619196e-02 2.018100289043408546e-01 6.814680965949697355e-02 2.018100289043408546e-01 -2.401321512109404921e+00 -6.586337282980868402e+00 2.114413025537607638e+01 4.284201092461303114e-04
1.186598415398408823e+00 3.268924862100275330e-01 1.191603116998929046e+01 4.005052042917137123e-02 5.656333424323189085e+00 6.078517636285429404e+00 1.128302367278878615e-03 9.832353641191374574e-03 7.301360451875786417e+00 2.621101594991907813e-02 2.031984287586646176e-01 1.000000000000000056e-01 2.031984287586646176e-01 -4.593050127929700466e+00 -6.428506916390403170e+00 2.114413025537607638e+01 5.604786336284416900e-05
1.186710742549282660e+00 3.310078322060910905e-01 1.195462489246894933e+01 3.094733880012271940e-02 -2.256090338537492634e+00 6.456760907533142912e+00 8.979304776199625859e-03 5.861442197984589354e-03 6.753539878581051425e+00 2.499180609636302355e-02 2.014501877153569986e-01 7.018362695823759337e-05 2.014501877153569986e-01 -6.064348637695331945e+00 -6.217002105698594683e+00 2.114413025537607638e+01 1.590148227173919198e-05
1.186626989022371736e+00 3.259162631049453140e-01 1.191760589581381780e+01 3.322136540918967096e-02 3.066237778265340497e-01 5.926596635642683353e+00 2.048806977153893628e-03 1.246522341212283856e-02 6.701683433324705952e+00 2.066533230255337972e-02 2.033442851537000662e-01 2.699848521464661560e-02 2.033442851537000662e-01 -5.800603431054696557e+00 -6.514398993319614917e+00 2.114413025537607638e+01 1.537527421319870159e-05
1.186742336282331944e+00 3.283754288690978740e-01 1.192389470874483060e+01 3.555896186665020997e-02 -2.168529468988076303e+00 5.961250140114333185e+00 5.668783798319466244e-03 3.876137739762878544e-03 4.660834048638383464e+00 2.513161733970943612e-02 2.027566430952651988e-01 8.352871991063868823e-05 2.027566430952651988e-01 -5.809610652539078046e+00 -6.492655870343709168e+00 2.114413025537607638e+01 1.557234446083560043e-05
1.186856770418882157e+00 3.293276045210224434e-01 1.194854287788237279e+01 3.308434268223556241e-02 -1.162790851031600736e+00 6.062978261384965428e+00 4.691829904474538460e-03 8.451343807322528323e-03 7.052756919845302619e+00 2.447566092022312317e-02 2.019631296504174056e-01 8.990348187720766668e-04 2.019631296504174056e-01 -2.602923882617204754e+00 -6.434798371334236045e+00 2.114413025537607638e+01 4.074999536592205178e-04
1.186764418440265700e+00 3.301506975323688642e-01 1.196433498910117699e+01 3.311350404302156741e-02 9.978560129878897289e-01 6.149192814511693861e+00 1.488964779261817356e-03 4.655742862779455558e-03 1.006902776337425642e+00 2.549128628729679935e-02 2.013704684344167495e-01 1.000000000000000056e-01 2.013704684344167495e-01 -3.453077572070299084e+00 -6.386231044648834398e+00 2.114413025537607638e+01 1.828112968723629372e-04
1.186806878045014502e+00 3.301134822338498420e-01 1.196059686027994040e+01 3.156001243746787283e-02 1.918715642523426856e+00 6.102177398333364700e+00 2.649885162371101634e-03 2.215078748533428482e-03 2.329750543679629082e+00 2.427417578525183778e-02 2.014866845044716581e-01 1.000000000000000056e-01 2.014866845044716581e-01 -1.660108612500010850e+00 -6.412320628257604405e+00 2.114413025537607638e+01 1.069914301460087079e-03
1.186634507481953094e+00 3.316202815656594249e-01 1.196579845921932339e+01 3.444788942894562445e-02 1.347958741948066308e+00 5.791616842251658070e+00 3.271571559419959169e-03 7.213676139732339877e-03 1.405266081765494945e-01 2.866910613341608002e-02 2.010207667342151505e-01 1.000000000000000056e-01 2.010207667342151505e-01 -2.698521300195324102e+00 -6.585695845813640759e+00 2.114413025537607638e+01 3.184756203605513159e-04
1.186761460227774956e+00 3.302110753741769322e-01 1.195353652971931346e+01 3.402099828969146894e-02 -1.673339312558217218e+00 6.210952162469475013e+00 1.537910799093962196e-03 6.653183547837520154e-03 7.737580430973399537e+00 2.633753745200486523e-02 2.016416472484450773e-01 2.752389009854970623e-04 2.016416472484450773e-01 -3.048851970703140069e+00 -6.352039449063570764e+00 2.114413025537607638e+01 2.834034931785713832e-04
1.186867243074712253e+00 3.317713041229707338e-01 1.196441486310776980e+01 3.321675523837457067e-02 1.626881255665991288e+00 6.003285797279957592e+00 3.905320226677876441e-04 1.829033797189253720e-03 3.767172967420854057e+00 2.792467285430294197e-02 2.010904404656767008e-01 1.000000000000000056e-01 2.010904404656767008e-01 -9.620605894531308877e-01 -6.465961777457591708e+00 2.114413025537607638e+01 2.038033611419998690e-03
1.186548370659266105e+00 3.304970497807971919e-01 1.196102970227637208e+01 3.010370563140956496e-02 -2.122163657315262686e+00 5.853357259687848924e+00 1.211612981211882320e-04 6.249280526600406796e-03 3.449589302364022281e+00 2.359175703116918668e-02 2.013348760908636459e-01 1.013525864653834328e-04 2.013348760908636459e-01 -1.453864238085941452e+00 -6.551757721394255718e+00 2.114413025537607638e+01 1.143834065103080085e-03
1.186535139786060400e+00 3.235737558436939665e-01 1.188539308957984808e+01 4.784121008557744303e-02 4.385139359452909780e+00 5.736733924399390006e+00 5.889583571354288770e-05 3.636148761203395960e-03 4.734375534645081984e+00 2.657610801828794167e-02 2.045884708536468977e-01 1.000000000000000056e-01 2.045884708536468977e-01 -4.999901225000030536e+00 -6.624118901717844565e+00 2.114413025537607638e+01 3.068404909743782557e-05
1.186725706989608886e+00 3.315509282917684097e-01 1.197636857086388318e+01 3.561434732927902524e-02 4.237695507630078851e+00 5.841430042899543373e+00 2.300777055332401799e-03 4.178826804081806415e-03 2.508373633076856457e+00 2.947739528780840904e-02 2.007802842813136701e-01 1.000000000000000056e-01 2.007802842813136701e-01 -4.991685891796862506e+00 -6.557420028229659970e+00 2.114413025537607638e+01 3.307101281377135439e-05
1.186834077907040097e+00 3.344976905365464881e-01 1.198739464824578427e+01 3.297886958123296547e-02 2.824229460381326717e+00 5.766200127548264831e+00 5.944384140316901800e-03 5.004696415845374079e-03 7.413864421339103394e+00 3.203283422371598632e-02 1.999585320422307411e-01 1.000000000000000056e-01 1.999585320422307411e-01 -4.810036964843732221e+00 -6.597398803495472919e+00 2.114413025537607638e+01 3.810430639834919706e-05
1.186636158303863819e+00 3.323006954921829403e-01 1.196978915329465032e+01 3.496220338953384688e-02 3.457864052083964967e+00 5.752616659729319792e+00 3.804798868840375808e-03 9.771149590443173327e-03 1.943011710429525252e-01 3.016735122093618798e-02 2.007876236311457174e-01 1.000000000000000056e-01 2.007876236311457174e-01 -3.893173081250040468e+00 -6.607280831816971123e+00 2.114413025537607638e+01 9.437810992232876356e-05
1.186631937302322859e+00 3.274856210714247040e-01 1.192275814087396135e+01 3.917957061368677885e-02 -6.917430592786203425e-01 5.844931128892913108e+00 1.853903068439124329e-04 1.254716704041076818e-02 4.530624777041469819e+00 2.641340455871603668e-02 2.029217187695976365e-01 2.603017599792514705e-03 2.029217187695976365e-01 -3.777491858984376449e+00 -6.559123137118654689e+00 2.114413025537607638e+01 1.111797295309966890e-04
1.186485030911190064e+00 3.337374058403166366e-01 1.198127181794844809e+01 3.305888786074048791e-02 1.012614830626216822e+00 5.532369779165247081e+00 9.364821116054310862e-03 4.065291593021311267e-03 7.323589103216872509e+00 3.075404972720432659e-02 2.001720582983353980e-01 1.000000000000000056e-01 2.001720582983353980e-01 -6.098664213281267621e+00 -6.732604524224329978e+00 2.114413025537607638e+01 9.175109563608549660e-06
1.186612115028587544e+00 3.289492253750998518e-01 1.194367105130328000e+01 3.375086292634585372e-02 7.882471797429432492e+00 5.473686023765920616e+00 7.380843573152376901e-04 5.938229691158296124e-03 7.611685237483325928e+00 2.445889738897691346e-02 2.020968907917942148e-01 1.000000000000000056e-01 2.020968907917942148e-01 -3.702322702734392124e+00 -6.770804193331747101e+00 2.114413025537607638e+01 9.699274451064761305e-05
1.186753540594553735e+00 3.321027302138206960e-01 1.197694227150972779e+01 3.082351956288414616e-02 -1.645680132648483784e+00 6.168941429131390208e+00 2.639787327784760915e-03 8.335040253195563631e-03 7.010809873753879096e+00 2.628998373157031415e-02 2.006680535889288075e-01 3.000655232335405005e-04 2.006680535889288075e-01 -2.539440233984379347e+00 -6.373564313005443793e+00 2.114413025537607638e+01 4.616276094581376471e-04
1.186828511366480265e+00 3.292819530417075979e-01 1.194482080911204669e+01 3.401698342615222526e-02 1.916635612785197562e+00 6.155506287172809898e+00 1.130205385442535973e-03 2.384268431291858281e-03 2.792387128873749624e+00 2.512072681446042566e-02 2.020618132799826827e-01 1.000000000000000056e-01 2.020618132799826827e-01 -2.121255504296868821e+00 -6.383451274292517574e+00 2.114413025537607638e+01 6.944056461734659071e-04
1.186791336395678798e+00 3.324753628118544690e-01 1.197337561440200382e+01 3.147745696919005548e-02 2.846893402352887126e+00 5.777250576606137500e+00 4.967043281871605896e-03 4.387006196824391573e-03 4.467429113924008988e+00 2.742780232281609443e-02 2.007013452111572338e-01 1.000000000000000056e-01 2.007013452111572338e-01 -1.713772383593749282e+00 -6.592966807387885986e+00 2.114413025537607638e+01 8.464269335764756236e-04
1.186362380319812226e+00 3.310573279520837575e-01 1.194539243157434605e+01 3.062316353899532592e-02 5.058460558943436158e-01 5.870976531631646012e+00 1.721591017562614737e-03 8.170228100892608369e-03 7.987006777360314835e+00 2.478876069799351017e-02 2.015916150413634700e-01 3.982221892165949823e-02 2.015916150413634700e-01 -3.907415845312499414e+00 -6.541451119887007337e+00 2.114413025537607638e+01 9.937455626564343906e-05
1.186636407061353760e+00 3.278316992085310022e-01 1.193334073913636750e+01 3.730440818953492665e-02 -3.185795955360851917e+00 5.766159802801277046e+00 2.473082275332798806e-03 3.062231127068518362e-03 4.740153082579151800e+00 2.554989528182859473e-02 2.025816983623627277e-01 8.610393091494802131e-06 2.025816983623627277e-01 -2.530049967968750479e+00 -6.603539129309757172e+00 2.114413025537607638e+01 3.702483422042377077e-04
1.186552080451963587e+00 3.250895208815879345e-01 1.190251447581484179e+01 3.554828197786753796e-02 6.415357301770535869e+00 6.002520857514374697e+00 4.390099974211259144e-03 4.295234324247373947e-03 3.443920436479166902e+00 2.125311217215914913e-02 2.038702971528212893e-01 1.000000000000000056e-01 2.038702971528212893e-01 -5.984023839062530215e+00 -6.472559320729893706e+00 2.114413025537607638e+01 1.334550885807094336e-05
1.186653573630523040e+00 3.238033269003482428e-01 1.189115229832807330e+01 4.441385816402367015e-02 4.309042590089934954e+00 6.024036120731205202e+00 9.526552164471707718e-03 9.200550910909426061e-03 5.901027089919874236e+00 2.494773321563605387e-02 2.044275671271535422e-01 1.000000000000000056e-01 2.044275671271535422e-01 -7.029145532031265020e+00 -6.461556020546826318e+00 2.114413025537607638e+01 4.744858070976456860e-06
1.186315117547923847e+00 3.294881716928392268e-01 1.193616522287443615e+01 3.941227284855121360e-02 -2.615982329837268638e-01 5.599673015668047427e+00 5.957435027374772228e-04 1.358583903651721173e-03 4.925714905953532785e+00 2.938176704928053065e-02 2.021149929580831062e-01 6.996400827499875755e-03 2.021149929580831062e-01 -5.037730547851566598e+00 -6.697689305796789228e+00 2.114413025537607638e+01 2.744937006565323549e-05
1.186790727629364550e+00 3.251027489356342337e-01 1.192384163493284355e+01 3.993209161097149851e-02 3.777363807016994590e-01 5.855649214581952755e+00 5.592011958428016669e-04 1.554640089018586701e-03 6.966025011832311264e+00 2.381380114740875090e-02 2.033741533653942168e-01 3.331639753543476357e-02 2.033741533653942168e-01 -4.353293325195295438e+00 -6.555011409657808485e+00 2.114413025537607638e+01 6.276881276250641879e-05
1.186295486579074465e+00 3.317484685060371752e-01 1.195993829292687494e+01 3.334221552223487484e-02 -2.656387951044204776e+00 6.255855208164684989e+00 4.124371267173996408e-03 7.895649372069145702e-03 1.688237093455602356e+00 2.791470248708852187e-02 2.010608500002913357e-01 2.849444076914531894e-05 2.010608500002913357e-01 -6.098355137695307349e+00 -6.326334212091062170e+00 2.114413025537607638e+01 1.377800834885428127e-05
1.186658959359013776e+00 3.256271525736399997e-01 1.190915842328629282e+01 3.784688980518835510e-02 -4.835452247419935734e-02 6.139364261127097322e+00 5.886693692277722694e-04 5.853603730330020176e-03 1.030135571274212403e+00 2.324286131518302212e-02 2.036264031191459822e-01 1.160521748296752635e-02 2.036264031191459822e-01 -3.928406625585949996e+00 -6.395755747109345357e+00 2.114413025537607638e+01 1.125728649261423237e-04
1.186596228946683373e+00 3.247680146446617067e-01 1.189856832559972055e+01 3.939755035498850033e-02 4.145554896408953027e+00 5.833647588584126353e+00 2.485016624686915959e-03 1.062031498136982980e-04 6.410520266464954986e+00 2.319702265443991315e-02 2.040435883241358828e-01 1.000000000000000056e-01 2.040435883241358828e-01 -4.211848757031276591e+00 -6.567924795271578908e+00 2.114413025537607638e+01 7.137798729423697002e-05
1.186487198205556926e+00 3.266009188636712079e-01 1.191380195585517399e+01 3.554966350586270113e-02 1.610588052817765625e+00 5.697977143507835684e+00 2.689434208454660638e-04 1.354222378883290431e-02 6.768195397031131044e+00 2.291005567746568980e-02 2.032811789619502485e-01 1.000000000000000056e-01 2.032811789619502485e-01 -5.541183052148454635e+00 -6.643660353620423287e+00 2.114413025537607638e+01 1.751258328055273745e-05
1.186779139177372322e+00 3.295549059617620680e-01 1.195586414780734152e+01 3.291381082456971974e-02 8.507897639489788721e-01 6.151484125680224402e+00 1.376581974948233675e-03 1.371295466349730340e-03 4.161492493847711138e+00 2.459286527879860768e-02 2.017082030235956558e-01 9.530195526256000915e-02 2.017082030235956558e-01 -2.168335804101559461e+00 -6.385478524515737497e+00 2.114413025537607638e+01 6.611288443930266132e-04
1.186738037752283148e+00 3.335227602075475084e-01 1.198295257433149352e+01 3.172746040555281255e-02 7.595032286243273978e-01 6.220475995048643902e+00 2.055752515678940621e-03 1.261589251114221370e-02 5.977149758192453533e+00 2.920791346007363745e-02 2.002359783670826232e-01 7.385125995208580152e-02 2.002359783670826232e-01 -3.811229451953124681e+00 -6.343843854343209188e+00 2.114413025537607638e+01 1.333116695170028984e-04
1.186657447635334206e+00 3.311885973149868434e-01 1.196573936779466862e+01 3.239131280484074116e-02 5.785558926694879034e+00 5.744837553485833581e+00 9.587306665508300244e-04 1.563987243725145290e-02 5.346935392983190205e+00 2.633949254618965508e-02 2.011098319598828565e-01 1.000000000000000056e-01 2.011098319598828565e-01 -2.467601595703143857e+00 -6.612692313518246046e+00 2.114413025537607638e+01 3.905160867490371389e-04
1.186385388838419708e+00 3.289564019918935767e-01 1.193213288584997223e+01 3.706406215703154927e-02 7.038725842599018456e+00 5.908331591922584280e+00 7.917748717487089983e-04 1.960618706815379572e-03 2.022488877126346729e+00 2.689867406502437219e-02 2.023384141236914679e-01 1.000000000000000056e-01 2.023384141236914679e-01 -3.551077184960945488e+00 -6.522215344170912310e+00 2.114413025537607638e+01 1.446722072671792090e-04
1.186313133797983976e+00 3.313942187436506592e-01 1.195425688585892132e+01 3.417059023579564758e-02 1.476121592726234999e+00 5.903845325105421260e+00 2.348487835542226350e-03 4.130196951543137619e-04 4.283696536993789827e+00 2.810332556706637147e-02 2.012818384455953846e-01 1.000000000000000056e-01 2.012818384455953846e-01 -2.671823207031252423e+00 -6.522637269550761729e+00 2.114413025537607638e+01 3.483830512234062284e-04
1.186628468445033002e+00 3.302838835479680601e-01 1.196198653250963773e+01 3.249867807180947810e-02 -1.817363265106421988e+00 5.925528783750528383e+00 2.568913720035529823e-03 4.629054106021451669e-03 2.283829080376691856e+00 2.518727926796364078e-02 2.013710549702092956e-01 2.059628801079564208e-04 2.013710549702092956e-01 -2.257115932226582800e+00 -6.511144741624586452e+00 2.114413025537607638e+01 5.335231161593316593e-04
1.186499479647745936e+00 3.309174451055151289e-01 1.196461458084471374e+01 3.102908663341729517e-02 -2.403267695089162270e+00 5.677628012245610201e+00 6.303317164404456316e-03 2.095983081884164861e-03 7.573941435775987330e+00 2.484502295706872074e-02 2.011486621292855603e-01 5.312879293276829071e-05 2.011486621292855603e-01 -2.872965551953143404e+00 -6.651481057254699181e+00 2.114413025537607638e+01 2.504643171082570718e-04
1.186616470160099190e+00 3.274681933133090639e-01 1.192721714418127377e+01 3.742932586676789991e-02 3.546764175819988374e+00 5.683104065958496598e+00 4.069960247391733038e-03 8.481921838796351726e-03 3.296132388452908124e+00 2.518282857644079525e-02 2.028040787306518156e-01 1.000000000000000056e-01 2.028040787306518156e-01 -4.388197348632814965e+00 -6.651302203112305911e+00 2.114413025537607638e+01 5.505119228574742246e-05
1.186535380851540200e+00 3.276813759129937886e-01 1.193291708164293041e+01 3.762769005667938177e-02 -1.632564246668917640e+00 6.134998486642097681e+00 3.655121909303761518e-03 1.925119962619952982e-02 3.424231417944891831e+00 2.555426372845417612e-02 2.025940675547326375e-01 3.111515944760239794e-04 2.025940675547326375e-01 -6.051939607226586304e+00 -6.396477951701730724e+00 2.114413025537607638e+01 1.345492908971929157e-05
1.186584221075624335e+00 3.326681228671434787e-01 1.197096043765848705e+01 3.029555626946400793e-02 -1.357828109435141872e+00 5.872772617178224408e+00 5.217481409523159683e-03 3.571150347807102061e-03 7.053177356392685837e-01 2.665421648900181614e-02 2.006734225081046596e-01 5.607547066398140510e-04 2.006734225081046596e-01 -1.815718850781252058e+00 -6.538807397987997483e+00 2.114413025537607638e+01 8.069299198329416521e-04
1.186610671410341489e+00 3.266479861630385839e-01 1.192500323869577095e+01 4.531312963702376073e-02 -9.211328332705810418e-01 5.722377868251344424e+00 4.262827813064880463e-03 1.066980507193368219e-02 2.438747435704490485e+00 2.922427072096183548e-02 2.030119788477384168e-01 1.604319222208972677e-03 2.030119788477384168e-01 -7.283909691210965320e+00 -6.629567709564460287e+00 2.114413025537607638e+01 3.108951938528904040e-06
1.186571949767184497e+00 3.299045045122522279e-01 1.195480466121931151e+01 3.302426568592915085e-02 -1.356376311857938166e+00 5.952340268144798330e+00 5.669778802074476598e-03 4.268711945862769738e-03 1.743621293882952727e+00 2.511093721974143669e-02 2.016157274524592036e-01 5.886955720625378303e-04 2.016157274524592036e-01 -2.517363033984395315e+00 -6.496449758653572992e+00 2.114413025537607638e+01 4.173604680947702768e-04
1.186773204104851098e+00 3.302196131201522444e-01 1.195123671991106384e+01 3.090296644861425385e-02 1.316088592225433063e+00 5.960123219327483568e+00 1.953982380665410593e-03 2.416922879831185506e-03 5.820486220546792211e-01 2.394881104928413967e-02 2.017035621147788560e-01 1.000000000000000056e-01 2.017035621147788560e-01 -1.283781156054686790e+00 -6.491627953973305054e+00 2.114413025537607638e+01 1.439936022674290347e-03
1.186806294913830051e+00 3.306874570806987435e-01 1.196999023679126140e+01 3.278055081367999002e-02 1.467043104993457581e+00 5.894015512600586426e+00 2.823803984075203433e-03 1.771221654117185996e-04 3.665860800645325490e+00 2.594706527475599753e-02 2.011321690370024839e-01 1.000000000000000056e-01 2.011321690370024839e-01 -2.173068175390625356e+00 -6.528396712050607675e+00 2.114413025537607638e+01 5.703773649073294550e-04
1.186462309879797505e+00 3.259290945636311720e-01 1.192552682641689366e+01 3.862359045737267377e-02 -1.300886909798188551e+00 6.038322904045883455e+00 6.572972497419753016e-04 7.032074221184356558e-03 3.739508595947773628e-01 2.397345984208271510e-02 2.030920298081929642e-01 6.962182869426608968e-04 2.030920298081929642e-01 -6.794296393750016705e+00 -6.451881453815100365e+00 2.114413025537607638e+01 6.059245124134040573e-06
1.186862506913459736e+00 3.229628072287941132e-01 1.188291324651367198e+01 4.729102106098623248e-02 -2.366459442823789061e+00 5.774294719109223095e+00 3.100547586940404204e-03 4.789421939586793221e-03 7.948371372318828953e+00 2.554047298970105531e-02 2.048490865969567754e-01 5.449765815884119187e-05 2.048490865969567754e-01 -5.506476250585933485e+00 -6.602970985456623865e+00 2.114413025537607638e+01 1.888401575277595283e-05
1.186575641198584830e+00 3.269381334732763822e-01 1.192127384834726023e+01 3.692031810739329623e-02 -2.521817368407103910e+00 5.673070269938480514e+00 2.571568491769158585e-03 5.882318155119498071e-03 8.406160284471830835e-03 2.418803312223609739e-02 2.030467812005971595e-01 3.924290800133389243e-05 2.030467812005971595e-01 -4.082170933789086575e+00 -6.657550894792666263e+00 2.114413025537607638e+01 7.429482092122557306e-05
1.186421482139418559e+00 3.231690689596543598e-01 1.188854027083236531e+01 4.588965248483270476e-02 1.747516313800728582e+00 5.718833076805330151e+00 1.439784131794945993e-03 2.169163183794756318e-03 4.286452496758208497e+00 2.494049277381865659e-02 2.045500314120690666e-01 1.000000000000000056e-01 2.045500314120690666e-01 -5.532012948046883594e+00 -6.634784838548083208e+00 2.114413025537607638e+01 1.783147735591409042e-05
1.186558752201130718e+00 3.278113431702794345e-01 1.193879051396218394e+01 3.607134228602552201e-02 -6.032805616448424502e-01 5.871461628515930009e+00 5.289320497311523692e-03 4.787208548191094343e-03 1.617696188128461721e+00 2.463634911120708357e-02 2.024224362252111109e-01 3.389325585375304109e-03 2.024224362252111109e-01 -4.154145562890647625e+00 -6.543890311644588564e+00 2.114413025537607638e+01 7.745732955759865909e-05
1.186704849650156213e+00 3.369797256325688939e-01 1.201358430238796871e+01 3.135117865609358956e-02 7.214197927707588498e-01 5.859391403618340100e+00 3.185872200274383198e-03 1.088455960538210927e-02 2.046485882990601191e+00 3.477351256657702089e-02 1.987544272200343354e-01 6.669138576668429130e-02 1.987544272200343354e-01 -6.266418217773463084e+00 -6.542368710836610646e+00 2.114413025537607638e+01 9.383718793429394382e-06
1.186714654342975850e+00 3.305695150809238592e-01 1.195277103246702488e+01 3.364467297361167092e-02 2.407881872712402505e+00 6.004951409216619851e+00 2.048002465770826577e-03 2.177540648674080107e-03 7.690125542016187588e+00 2.654811231135183885e-02 2.015821968327526359e-01 1.000000000000000056e-01 2.015821968327526359e-01 -1.779465349023439558e+00 -6.466230739306385367e+00 2.114413025537607638e+01 8.997050474748836089e-04
1.186649355778651271e+00 3.319834370628076958e-01 1.197719694337233953e+01 3.111277896622224523e-02 9.098185415513416752e-01 5.888898714828128433e+00 2.972806000134679306e-03 1.501834108717986071e-03 8.157394910157247381e-01 2.634479308599901523e-02 2.006563336882176696e-01 1.000000000000000056e-01 2.006563336882176696e-01 -1.392672285742179383e+00 -6.530258917482480108e+00 2.114413025537607638e+01 1.242439257793427360e-03
1.186642897550143960e+00 3.320089949949546204e-01 1.196751904370045949e+01 3.020334707709566857e-02 -1.652541213575883017e+00 6.114887609530349266e+00 9.107717171358933536e-03 3.355894038813350428e-03 6.652896712012485558e+00 2.566451084371119268e-02 2.009043254853906668e-01 2.869837856861736053e-04 2.009043254853906668e-01 -2.688862857617209556e+00 -6.403704805252587562e+00 2.114413025537607638e+01 3.857522831836945952e-04
1.186715338048867974e+00 3.307289076547029194e-01 1.195251703025875933e+01 3.056026531417883538e-02 2.439825117487016692e-01 6.348342843538018698e+00 7.531408439222750687e-04 1.485941700146632682e-03 4.572767057529993906e+00 2.432334223337463339e-02 2.015591767066334805e-01 2.224507057623581127e-02 2.015591767066334805e-01 -2.779786407031252793e+00 -6.276215310913067391e+00 2.114413025537607638e+01 4.001187407648626243e-04
1.186515690318491023e+00 3.342056277080743820e-01 1.198727497539920606e+01 3.287609691091406688e-02 7.487967894454182094e+00 5.383606039856602798e+00 3.891258145533945550e-04 6.221546387332859036e-03 4.917264603755723051e+00 3.135119458006972032e-02 1.999325295865203578e-01 1.000000000000000056e-01 1.999325295865203578e-01 -5.397490025390624169e+00 -6.818689238973273170e+00 2.114413025537607638e+01 1.697232045489888659e-05
1.186508325836675981e+00 3.248637754043003922e-01 1.191878459312070504e+01 3.726688543856865321e-02 2.404376912412254708e+00 5.284153506893947139e+00 1.389030584341226747e-03 6.687454722830457610e-03 6.025837232965169932e+00 2.193852347437180716e-02 2.034758772025552220e-01 1.000000000000000056e-01 2.034758772025552220e-01 -1.078736816679688104e+01 -6.885327369199471192e+00 2.114413025537607638e+01 7.244464955726964156e-08
1.186602951661569927e+00 3.333670459129052244e-01 1.198325834310217708e+01 3.095171099410246041e-02 4.319322654717821841e+00 5.838539629765193695e+00 3.584871127470897444e-03 9.595243269717045401e-03 7.200626198351852914e+00 2.822229269173019001e-02 2.002216091427295730e-01 1.000000000000000056e-01 2.002216091427295730e-01 -2.218375913476563710e+00 -6.557531452370457536e+00 2.114413025537607638e+01 5.294589875901841228e-04
1.186570339609565483e+00 3.349375755220065920e-01 1.199321585962119663e+01 3.108734696216658086e-02 -6.342827258462897522e-01 5.580664301701101060e+00 1.807028930473364507e-06 3.845802832250225928e-03 2.359229358780435604e+00 3.084777767612799024e-02 1.996502491387310285e-01 2.968796672536655381e-03 1.996502491387310285e-01 -3.163579726757802746e+00 -6.703546756984093413e+00 2.114413025537607638e+01 1.777959579569163078e-04
1.186549157336581839e+00 3.317577996730644574e-01 1.196550465000282237e+01 3.251261948081637237e-02 -2.177812366139224576e+00 5.773155760002161685e+00 1.675618881211626485e-03 3.416665924131997642e-03 7.483232199255843931e+00 2.724708474762204194e-02 2.009798985231583401e-01 8.631773347724186821e-05 2.009798985231583401e-01 -1.706500554882836695e+00 -6.596143671608948544e+00 2.114413025537607638e+01 8.499001282637560660e-04
1.186694549881145422e+00 3.284558949369750236e-01 1.194774361936766383e+01 3.516811422149232480e-02 2.169953142144041891e+00 6.139898555191408924e+00 2.294470779873563195e-04 2.638578604841285494e-03 2.337736934826995849e+00 2.482082652136362311e-02 2.021039824799607532e-01 1.000000000000000056e-01 2.021039824799607532e-01 -3.024959657421874226e+00 -6.392943335875707511e+00 2.114413025537607638e+01 2.786231298499305909e-04
1.186717892070884961e+00 3.241746849497701422e-01 1.189106707650613615e+01 4.456925082877762068e-02 2.090287893349713322e+00 5.878910987465704174e+00 2.215155212364523438e-03 1.995196498791588190e-03 7.676793095635602526e+00 2.552271548160890691e-02 2.043792357245886038e-01 1.000000000000000056e-01 2.043792357245886038e-01 -4.221109139453119496e+00 -6.542730967712170553e+00 2.114413025537607638e+01 7.252439338457239296e-05
1.186810504821518064e+00 3.304374762463805904e-01 1.194626537803674182e+01 3.126323739219311754e-02 1.310368209696765263e+00 5.867045762530120889e+00 5.785547340350880334e-04 2.813907970963167113e-03 7.167528204530242419e+00 2.454608145129822186e-02 2.018033843782500725e-01 1.000000000000000056e-01 2.018033843782500725e-01 -2.868213155273451775e+00 -6.543847758975719131e+00 2.114413025537607638e+01 2.802556321599093594e-04
1.186616169340364735e+00 3.324577303350890745e-01 1.197576247598634147e+01 3.274459768775402069e-02 5.508137816071323023e+00 5.991487429206054038e+00 6.285566863651548958e-03 8.814472878370135586e-03 1.780601544504306410e+00 2.845523344534494833e-02 2.005953163451429377e-01 1.000000000000000056e-01 2.005953163451429377e-01 -3.631971493945343354e+00 -6.472166698864760370e+00 2.114413025537607638e+01 1.402778193405810172e-04
1.186566733746636793e+00 3.298541931121224957e-01 1.195080319096894961e+01 3.657602333414159551e-02 1.466431388628741228e+00 5.920777779918273254e+00 2.528728212307698384e-03 5.829779988028832138e-04 7.243614031070212178e+00 2.776077353764436553e-02 2.017287599792206843e-01 1.000000000000000056e-01 2.017287599792206843e-01 -2.905048628320344051e+00 -6.514253938030081237e+00 2.114413025537607638e+01 2.782334491823834719e-04
1.186613046127791504e+00 3.289915479980815571e-01 1.195167561839083170e+01 3.529221608340232103e-02 5.377726216952870786e+00 5.764961769575204897e+00 1.537513445115993443e-03 9.499455911464820684e-03 1.577530167656576054e+00 2.558777413901723238e-02 2.018795443785680321e-01 1.000000000000000056e-01 2.018795443785680321e-01 -3.938152297265645529e+00 -6.603216252377472451e+00 2.114413025537607638e+01 9.059459226738077599e-05
1.186762896436312165e+00 3.313281651698425367e-01 1.196899511089078949e+01 3.505118522740377496e-02 4.379036309935682603e+00 6.084874061696440961e+00 2.033099220008265963e-03 3.080899578183504336e-03 5.583082170760310881e+00 2.871790714232624192e-02 2.010259019241534273e-01 1.000000000000000056e-01 2.010259019241534273e-01 -3.544021721679683878e+00 -6.420900289670554706e+00 2.114413025537607638e+01 1.612314743884644529e-04
1.186640814636756192e+00 3.266432868260507050e-01 1.192026727853806989e+01 3.839773642891476657e-02 2.267084838228352162e+00 6.078441651814946667e+00 1.347610386286102234e-03 6.232482521635033688e-04 3.471605040213405324e+00 2.478927646250320832e-02 2.031445813579092485e-01 1.000000000000000056e-01 2.031445813579092485e-01 -1.851084865234383869e+00 -6.428732293262063635e+00 2.114413025537607638e+01 8.695239816814202653e-04
1.186492878574089582e+00 3.322990305608833905e-01 1.196459095724617150e+01 3.207283260423204191e-02 2.947708910360867129e+00 5.531594740982653136e+00 4.347117721751189907e-04 8.630779311070702065e-03 7.902613513306235404e+00 2.767676078923807237e-02 2.008868104535727062e-01 1.000000000000000056e-01 2.008868104535727062e-01 -4.093024207421876781e+00 -6.734339450084746659e+00 2.114413025537607638e+01 6.806066333867447137e-05
1.186684891857781254e+00 3.273237845123683210e-01 1.192907494211337927e+01 4.165423549220245714e-02 -2.349663848738998251e+00 6.305281257461226474e+00 2.799822915435620958e-04 7.696383803655812254e-03 4.686963133144139704e-01 2.781561501777255613e-02 2.028001619047796189e-01 5.896557188072621439e-05 2.028001619047796189e-01 -6.055615249804702671e+00 -6.302807880650140859e+00 2.114413025537607638e+01 1.472195537505462287e-05
1.186687548492411093e+00 3.295949119117501103e-01 1.194169813880868958e+01 3.455031851036790419e-02 6.531341729775472782e-01 5.994461049926226970e+00 4.952314564375481440e-03 2.217924089836833743e-03 2.501293249495173399e-01 2.593666922513993348e-02 2.020481946333435030e-01 5.716793590686477383e-02 2.020481946333435030e-01 -2.577130782421875210e+00 -6.472994790674399646e+00 2.114413025537607638e+01 4.024768178581140509e-04
1.186568320442394020e+00 3.302152820482756046e-01 1.195592542749791143e+01 3.272109236130907317e-02 5.538801324260234082e+00 5.947509286498631198e+00 1.394387053708540840e-03 1.131431706923516876e-02 6.812567935074672398e+00 2.529054893956855440e-02 2.015270592443444420e-01 1.000000000000000056e-01 2.015270592443444420e-01 -2.134093831835969013e+00 -6.498891565447886265e+00 2.114413025537607638e+01 6.108049488953087381e-04
1.186684005088174398e+00 3.256780110594112987e-01 1.191681295077169089e+01 3.960185409884878216e-02 1.033146779577182262e+00 6.069041403280698077e+00 1.549771319221456424e-04 2.496565783694096232e-03 6.552563959439113184e+00 2.434682577480869539e-02 2.034237162188409220e-01 1.000000000000000056e-01 2.034237162188409220e-01 -2.216410278906266740e+00 -6.434777863257642672e+00 2.114413025537607638e+01 5.997872030639252216e-04
1.186520285985758871e+00 3.317333978589847576e-01 1.196119593446028162e+01 3.092383445500979794e-02 6.019554879430147665e+00 6.036091810762643561e+00 3.503302402092185741e-03 6.531397049844087609e-03 5.883898978563894211e+00 2.590110805493059734e-02 2.010902484715088034e-01 1.000000000000000056e-01 2.010902484715088034e-01 -2.452441865820333078e+00 -6.447942532960674988e+00 2.114413025537607638e+01 4.674903347257678668e-04
1.186611713097909027e+00 3.315926113919041573e-01 1.196278896703277894e+01 3.417668427838568140e-02 -1.603452078539705283e+00 5.756808353704299996e+00 2.252038107995389150e-03 1.951190948267022413e-03 6.787815166031828440e+00 2.841543133888194475e-02 2.010991149136454048e-01 3.210300452786614433e-04 2.010991149136454048e-01 -1.715014072851573701e+00 -6.605546923763122358e+00 2.114413025537607638e+01 8.348082654749459887e-04
1.186603254420852682e+00 3.268917834944763956e-01 1.192087738083375115e+01 4.108264763640215311e-02 7.982322580411443269e+00 5.977275558974535663e+00 2.229202621652592690e-03 5.880292880923307895e-03 6.250828607823004646e-01 2.685732269839019234e-02 2.030729609422640136e-01 1.000000000000000056e-01 2.030729609422640136e-01 -4.266724009179711175e+00 -6.485086046520354586e+00 2.114413025537607638e+01 7.340213461989987607e-05
1.186638764746772656e+00 3.287044436567180816e-01 1.192775951133632084e+01 3.619634720493867391e-02 1.695228997299323304e+00 6.063122891490529298e+00 4.520525612621286229e-03 3.111510125368040225e-03 6.366250124367792473e+00 2.599009213364356433e-02 2.025669197747357320e-01 1.000000000000000056e-01 2.025669197747357320e-01 -4.714243644726565208e+00 -6.435453248987378139e+00 2.114413025537607638e+01 4.930700593655138142e-05
1.186747220102954303e+00 3.331018870640813367e-01 1.198927522342348517e+01 3.031577428738724961e-02 -2.420822287059777089e+00 5.809046702803098761e+00 3.499835705310865019e-03 3.972561797620826479e-03 3.843552460018786476e+00 2.723281055623523114e-02 2.001520835507680229e-01 5.093018582558085666e-05 2.001520835507680229e-01 -2.002811721484363261e+00 -6.574372346515040988e+00 2.114413025537607638e+01 6.458575734334193533e-04
1.186731822676623027e+00 3.238541595361622005e-01 1.189260528031631203e+01 4.946956110664620099e-02 3.863789509069618155e+00 5.577835879357550652e+00 1.910099260366131171e-03 3.711620775537900936e-03 1.808122200621639308e+00 2.786432801231450082e-02 2.044008965269967226e-01 1.000000000000000056e-01 2.044008965269967226e-01 -5.611565272460950382e+00 -6.714870978389822831e+00 2.114413025537607638e+01 1.520047719947724670e-05
1.186792265208915786e+00 3.311693234009960851e-01 1.197175753175636892e+01 3.024474762046617735e-02 -1.563557326632635025e+00 5.731656572715981390e+00 2.101622667233843736e-03 6.489899971754710048e-03 7.659257640511829557e+00 2.455784193908699953e-02 2.009911324851051395e-01 3.674752762289274551e-04 2.009911324851051395e-01 -1.512645106640633230e+00 -6.620115271119859202e+00 2.114413025537607638e+01 1.007273742250848611e-03
1.186382505498148943e+00 3.319630729946803638e-01 1.196133375983977309e+01 3.210496500984909990e-02 7.660738291917286169e+00 5.881724826135839912e+00 1.903206026621474291e-03 2.486393519495516419e-03 6.722893290080706130e+00 2.720162243425016876e-02 2.010067277939681651e-01 1.000000000000000056e-01 2.010067277939681651e-01 -2.289191552343766034e+00 -6.534552342292902161e+00 2.114413025537607638e+01 5.047277516570056882e-04
1.186344715466176147e+00 3.260571477991328071e-01 1.192109477069485557e+01 3.313938522992418423e-02 4.050627726186881161e-02 5.884790361615852561e+00 5.850124934009363073e-04 1.444544497326644356e-03 3.497191586544847297e+00 2.071048482134420915e-02 2.031532201797747739e-01 1.504271160164387389e-02 2.031532201797747739e-01 -5.639199991601572037e+00 -6.538082788540415358e+00 2.114413025537607638e+01 1.764549116676420351e-05
1.186802752190718069e+00 3.328974966565402260e-01 1.197935290548820930e+01 3.070591242353468489e-02 1.941700463650874786e+00 5.435918361464548987e+00 1.820480856737633282e-03 2.612222404977916634e-03 6.219547414571180433e+00 2.734646847672980718e-02 2.004669190640266940e-01 1.000000000000000056e-01 2.004669190640266940e-01 -2.023684244140611099e+00 -6.789095645195246220e+00 2.114413025537607638e+01 5.102920370892811627e-04
1.186551279489143074e+00 3.315762486907000151e-01 1.196676023852745629e+01 3.324927730397143899e-02 -2.725183182429905759e+00 5.969270805384298662e+00 3.395508889505817734e-03 4.798198614840939492e-03 2.036060733941258860e+00 2.758408771908792481e-02 2.009817116435539397e-01 2.478733122179364648e-05 2.009817116435539397e-01 -3.060087338281249458e+00 -6.485469553833898004e+00 2.114413025537607638e+01 2.452323628310540057e-04
1.186841098298704766e+00 3.262055796337066105e-01 1.190996484296719515e+01 4.604333757028371277e-02 2.736717469910592282e+00 5.998754885967255923e+00 4.988304106466573233e-03 3.711475562037524698e-03 4.005676052580013469e+00 2.916321928356675058e-02 2.035471614777522031e-01 1.000000000000000056e-01 2.035471614777522031e-01 -6.052299096484375696e+00 -6.473448886846060013e+00 2.114413025537607638e+01 1.245366664988664817e-05
1.186869659427690848e+00 3.267189169904548551e-01 1.192610629343411155e+01 3.339036136842001012e-02 1.123810853516262531e+00 6.189857310314260452e+00 3.786885305952157171e-05 2.944797656329868358e-03 7.985395211250523317e-02 2.164580610208015343e-02 2.030380843031807103e-01 1.000000000000000056e-01 2.030380843031807103e-01 -3.188201876953144165e+00 -6.366678165399513922e+00 2.114413025537607638e+01 2.429566495615752731e-04
1.186703087348378149e+00 3.312470365616878576e-01 1.196064672728824796e+01 3.129461967346357926e-02 3.097767847935983809e+00 5.599283731175066059e+00 5.126822238270239539e-04 2.556965984660015002e-03 1.367270525733583320e+00 2.556508795940852508e-02 2.012447905702173800e-01 1.000000000000000056e-01 2.012447905702173800e-01 -1.073354821093744249e+00 -6.696021128103670783e+00 2.114413025537607638e+01 1.448649647203322822e-03
1.186566842658203891e+00 3.302614148585917841e-01 1.194717118712014603e+01 3.434460044386793143e-02 6.507747279589611855e-01 6.210237425945666523e+00 2.681118397524994389e-03 1.761635875270138596e-03 3.677132595180424346e+00 2.666280289426241693e-02 2.017479721062344633e-01 5.711375096269338814e-02 2.017479721062344633e-01 -3.390959212695321412e+00 -6.352552903587747934e+00 2.114413025537607638e+01 2.011902457393360420e-04
1.186672526684272144e+00 3.310016421890830118e-01 1.196676062279696673e+01 3.041119751446555095e-02 1.166347594728001924e-01 5.871527696843710231e+00 4.683135937645962338e-03 5.629051252902517004e-03 7.408669856496914008e+00 2.447796713149711506e-02 2.011222573120025614e-01 1.748615492513119415e-02 2.011222573120025614e-01 -1.555912354882821091e+00 -6.540927921994614813e+00 2.114413025537607638e+01 1.044112786898640250e-03
1.186546064884881568e+00 3.242388864778767421e-01 1.190350278837237497e+01 4.162478376613343301e-02 1.651307279163067410e+00 5.856653851976956204e+00 8.580109784812805715e-03 5.134500865967323198e-03 5.313021596789485379e+00 2.382185483777612620e-02 2.039982023888600171e-01 1.000000000000000056e-01 2.039982023888600171e-01 -6.334487957812513059e+00 -6.555401654920327559e+00 2.114413025537607638e+01 8.652717731242246573e-06
1.186566845860829611e+00 3.296307500032442661e-01 1.194317423627952124e+01 3.703572818250649296e-02 -9.446941669287449717e-01 6.126609486007803085e+00 1.600142916576390451e-03 1.380314415523920500e-03 4.338314181651978352e+00 2.782392213505294545e-02 2.019708352577980759e-01 1.462193765636128585e-03 2.019708352577980759e-01 -3.331527072070343820e+00 -6.399381565171946562e+00 2.114413025537607638e+01 2.037419894306616557e-04
1.186590690464024211e+00 3.312358392886688430e-01 1.195983421416598169e+01 3.160078574904324339e-02 5.019999978259281015e+00 5.870196172210087937e+00 5.957313129901020167e-03 9.744409143917511472e-04 4.874413648634370766e+00 2.578462346898128046e-02 2.012384726029828874e-01 1.000000000000000056e-01 2.012384726029828874e-01 -1.837498455468761449e+00 -6.541540387954807301e+00 2.114413025537607638e+01 7.873904339193210557e-04
1.186723828363525080e+00 3.200646247867257044e-01 1.186787176459866799e+01 5.559672025581222088e-02 1.064003295801056570e+00 6.012528089642740881e+00 4.087517504988750182e-03 7.483425859274413054e-03 3.412935476600704732e+00 2.606055761008200383e-02 2.057246742814420326e-01 1.000000000000000056e-01 2.057246742814420326e-01 -6.912554162109387335e+00 -6.471155594383885656e+00 2.114413025537607638e+01 5.280671757471495852e-06
1.186508756051300351e+00 3.238912751414495528e-01 1.189731246790671548e+01 4.434806956143140522e-02 -2.694852878950833031e+00 5.916760705852349922e+00 1.616935578002027217e-03 8.584320235967595608e-03 6.959984797283187419e+00 2.496447964382681600e-02 2.042131140544128920e-01 2.689721963697563650e-05 2.042131140544128920e-01 -4.838881671289072983e+00 -6.521802954568935107e+00 2.114413025537607638e+01 3.992802455122895067e-05
1.186842397359352264e+00 3.304108086526745258e-01 1.196121967008825493e+01 3.016002317871609162e-02 -1.265594978088170786e+00 5.817117414333777603e+00 1.431729988529821659e-03 2.835705116442019218e-03 5.971802443419410800e+00 2.357237378457513813e-02 2.014238797611302423e-01 7.174310112172723733e-04 2.014238797611302423e-01 -6.535275507812627893e-01 -6.572119885861096300e+00 2.114413025537607638e+01 2.495178718471804426e-03
1.186540665277774353e+00 3.317432860896148417e-01 1.195984743120217075e+01 3.668299759995814757e-02 7.587402015017377543e+00 6.014030715647916026e+00 1.629395386224268341e-03 1.534143427916168827e-03 3.978765556128986525e+00 3.075484976569427958e-02 2.011293043530557600e-01 1.000000000000000056e-01 2.011293043530557600e-01 -4.589514418164071685e+00 -6.460248609269426012e+00 2.114413025537607638e+01 5.448906533473303208e-05
1.186718017780409751e+00 3.314776724693223042e-01 1.196588565900685452e+01 3.437319281010169092e-02 5.502445205791599570e+00 5.447751207924252270e+00 6.990764903731703193e-04 1.475101231312573972e-02 5.323974515552070130e+00 2.840227156295841576e-02 2.010675233897761816e-01 1.000000000000000056e-01 2.010675233897761816e-01 -4.357561346484374099e+00 -6.783548822487871277e+00 2.114413025537607638e+01 4.973221458656864523e-05
1.186870606490095348e+00 3.328565553651268716e-01 1.198803479752636747e+01 3.018627461507070522e-02 -1.666866396937402683e+00 5.445704342319690916e+00 2.646421371264999576e-03 7.530959053415593393e-03 4.050169313227791612e+00 2.678397699922256334e-02 2.002642433500776420e-01 2.880654401171440647e-04 2.002642433500776420e-01 -3.519380345507812535e+00 -6.783376219283199227e+00 2.114413025537607638e+01 1.150085539903322805e-04
1.186737547382122004e+00 3.325662598822821669e-01 1.198019699442985342e+01 3.160504337321196761e-02 9.906061963221854949e-01 5.727138403347304063e+00 4.940918835549644970e-03 1.382013816737828705e-03 5.772449860305679969e+00 2.762388608978315341e-02 2.004902700207780719e-01 1.000000000000000056e-01 2.004902700207780719e-01 -1.995879406445311588e+00 -6.621490113092497687e+00 2.114413025537607638e+01 6.204180675968313120e-04
1.186494936155712221e+00 3.295041623799336850e-01 1.194369584815917840e+01 3.527504253011492369e-02 -2.299630861691464911e+00 5.272916698662688084e+00 3.376186364739409019e-03 5.928561145377684444e-03 2.117192804025388675e+00 2.630734615586230105e-02 2.019617654272775065e-01 6.536979914664882950e-05 2.019617654272775065e-01 -5.530692551562509607e+00 -6.887874860660551768e+00 2.114413025537607638e+01 1.386261517031000032e-05
1.186559281690372947e+00 3.325105012575156893e-01 1.196823392830718724e+01 3.071285641113593798e-02 4.443856618300221939e+00 5.732185665090419491e+00 5.679166094998369663e-03 9.411648943920054855e-03 5.882812719089228537e+00 2.680123980957457158e-02 2.007684794606892642e-01 1.000000000000000056e-01 2.007684794606892642e-01 -2.671350483789098007e+00 -6.618809327354472138e+00 2.114413025537607638e+01 3.165886387982505415e-04
1.186468770301998932e+00 3.208139667359037328e-01 1.186416537111159819e+01 4.960981654379693906e-02 4.779305834792343610e+00 6.095070057507283146e+00 3.872766525845068586e-03 1.953429440849782477e-03 5.243886786374947206e-01 2.410988788744615474e-02 2.056206890801284271e-01 1.000000000000000056e-01 2.056206890801284271e-01 -6.838243937500010361e+00 -6.424682439176712556e+00 2.114413025537607638e+01 5.958606805205896790e-06
1.186652151623088125e+00 3.321656262824377315e-01 1.197110479153749019e+01 3.374097920357986558e-02 9.112024927039428235e-01 5.610760483168251156e+00 4.289764296821773487e-03 6.347952403190694828e-03 1.664683697421005526e+00 2.889473660540791897e-02 2.007827876959846214e-01 1.000000000000000056e-01 2.007827876959846214e-01 -3.599837613281266613e+00 -6.688634051952319304e+00 2.114413025537607638e+01 1.166632299347196249e-04
1.186638340215206755e+00 3.314877942871055083e-01 1.197122586323828486e+01 3.352776724046376000e-02 1.556360105860601584e+00 5.177931420386787664e+00 2.562278377887332835e-03 1.470474136879260964e-02 4.802840385416753399e+00 2.767094480637595152e-02 2.009041371478239579e-01 1.000000000000000056e-01 2.009041371478239579e-01 -6.413999656835954966e+00 -6.942122360758036237e+00 2.114413025537607638e+01 5.428381674260515781e-06
1.186912642963727782e+00 3.333738021086588565e-01 1.198460919650584344e+01 3.260169251031697080e-02 -1.847587622841865729e+00 5.619213693040933322e+00 1.836970977451074776e-03 3.873730365131025817e-03 3.652566666727947720e-01 2.979219547136975968e-02 2.002671327658289147e-01 1.827848565988838831e-04 2.002671327658289147e-01 -2.468881086914052503e+00 -6.682465514944627927e+00 2.114413025537607638e+01 3.637316865827266575e-04
1.186575162731528632e+00 3.268587246521983958e-01 1.192124427492926131e+01 3.674859412129501818e-02 5.964173075611888669e-02 5.910303753162727602e+00 1.115748004090306826e-03 3.243568317361719428e-03 2.543404669395752826e+00 2.397628732500348137e-02 2.030620701926799665e-01 1.501566707372209257e-02 2.030620701926799665e-01 -2.624048618554695622e+00 -6.522793549657746048e+00 2.114413025537607638e+01 3.653737874205983970e-04
1.186600340173674439e+00 3.258182496965100761e-01 1.190616489221472740e+01 4.117024248158327598e-02 1.322863564741385112e+00 6.115770807996361746e+00 8.866969504261997329e-04 1.070621302020607424e-03 7.294028162782305813e+00 2.554136521695393389e-02 2.036543060559349305e-01 1.000000000000000056e-01 2.036543060559349305e-01 -3.643843663085959861e+00 -6.408729972646968420e+00 2.114413025537607638e+01 1.477009227796629968e-04
1.186640017069668707e+00 3.321626626875878174e-01 1.197259912363430878e+01 3.009500459247962598e-02 7.107505605505011204e+00 5.627960423368419285e+00 2.110148942421122536e-04 2.789894102242671155e-03 5.465143625457340448e+00 2.575756048764133235e-02 2.007408028168231606e-01 1.000000000000000056e-01 2.007408028168231606e-01 0.000000000000000000e+00 -6.678753087822499879e+00 2.114413025537607638e+01 4.311365632893231908e-03
1.186339447376048684e+00 3.349333984501157713e-01 1.198627182784241185e+01 3.192710856980979228e-02 7.274508038382806241e+00 5.713883458952112804e+00 1.018045968875970313e-03 3.256694136429836260e-03 6.903827249265098054e+00 3.167195480208467168e-02 1.997729104289913127e-01 1.000000000000000056e-01 1.997729104289913127e-01 -3.874768763281281281e+00 -6.627262822693904099e+00 2.114413025537607638e+01 9.422932952943749159e-05
1.186849678753872928e+00 3.305519447831419821e-01 1.196293273793322420e+01 3.139434141850504234e-02 -2.290909903606196174e+00 6.114688111285818017e+00 1.653679109383175607e-03 4.069154360247066726e-03 2.399970772622515014e-01 2.471552855871200771e-02 2.013543157692002095e-01 6.775203904079374828e-05 2.013543157692002095e-01 -1.437322155468791607e+00 -6.404942638863204252e+00 2.114413025537607638e+01 1.346815611244874498e-03
1.186656826646015794e+00 3.298886476502502774e-01 1.195123791581314521e+01 3.225054472714372622e-02 3.552074770008679216e+00 5.815567724651504733e+00 5.552513922312009124e-03 4.356837464673756193e-04 1.468157043579990884e+00 2.453532152615682874e-02 2.017347140135604677e-01 1.000000000000000056e-01 2.017347140135604677e-01 -1.642598220312493140e+00 -6.573619818592659314e+00 2.114413025537607638e+01 9.266213685921033220e-04
1.186820440965604462e+00 3.305834604245153630e-01 1.196753990981491889e+01 3.188830860735567679e-02 1.757763615615940411e+00 6.068373864054299460e+00 1.817885585443086574e-03 1.697843898586300516e-03 4.035033921118271749e+00 2.511618895921624919e-02 2.012197756650034863e-01 1.000000000000000056e-01 2.012197756650034863e-01 -1.817086288476559730e+00 -6.430705614090878264e+00 2.114413025537607638e+01 8.978214073960621251e-04
1.186748897194954244e+00 3.286104622427771238e-01 1.194146386473085286e+01 3.680260412770509915e-02 3.805579993532278493e+00 5.827211384027854990e+00 1.407926047567886361e-03 3.343326271101676028e-03 3.867299798862625870e+00 2.623344701652621791e-02 2.022539158750484845e-01 1.000000000000000056e-01 2.022539158750484845e-01 -2.084731018554691673e+00 -6.568071422538700688e+00 2.114413025537607638e+01 5.988197483147808010e-04
1.186380895009936376e+00 3.287588532889372250e-01 1.194198059385824351e+01 3.081848228562963921e-02 5.751569567239403824e+00 5.683351921498988268e+00 2.623519767254928799e-03 1.523896054702021945e-04 5.126700440451568141e-01 2.208416043967724104e-02 2.021156950109399553e-01 1.000000000000000056e-01 2.021156950109399553e-01 -4.230751880859372704e+00 -6.650219829290450413e+00 2.114413025537607638e+01 6.450813647614333374e-05
1.186658023161202280e+00 3.260187268267401017e-01 1.190388721931511107e+01 4.537887233649351426e-02 2.138871729922012133e+00 5.833925435133132886e+00 2.780407764727115330e-03 1.154304687543157701e-03 1.239397380821612771e+00 2.847041005486129414e-02 2.036923838423154165e-01 1.000000000000000056e-01 2.036923838423154165e-01 -5.071204386328133751e+00 -6.566622877281326431e+00 2.114413025537607638e+01 3.026330157463367847e-05
1.186590039664137342e+00 3.291281715765429494e-01 1.194940525603894521e+01 3.346055320984877429e-02 -9.145890638351384938e-01 5.627041585367529741e+00 2.363363724914257363e-03 8.483861889446563803e-03 3.139329035337785179e+00 2.444481734672561760e-02 2.019073907939444301e-01 1.639581824682979222e-03 2.019073907939444301e-01 -3.793288079101586163e+00 -6.682027044776138958e+00 2.114413025537607638e+01 9.678073433746434964e-05
1.186469935371667672e+00 3.291137160955150964e-01 1.194758665902014627e+01 3.244646763911324117e-02 2.310099647581948523e-01 5.925920563250953066e+00 9.327927851461263872e-04 5.627061742329145244e-03 1.688872221820170161e+00 2.367640976847352335e-02 2.019260525205442969e-01 2.294602586772165678e-02 2.019260525205442969e-01 -3.116550145703115504e+00 -6.512096641304864875e+00 2.114413025537607638e+01 2.256795981118794739e-04
1.186583090843518651e+00 3.354041679747259419e-01 1.199797555547056760e+01 3.042065561178886393e-02 -6.285394414022972276e-01 6.105976560965373778e+00 1.145291062432444274e-04 2.302561484944180142e-03 2.870940266594890211e+00 3.095378631790654186e-02 1.994384015203531368e-01 3.007132292623647136e-03 1.994384015203531368e-01 -1.991692040234369188e+00 -6.405646085129458989e+00 2.114413025537607638e+01 7.731127881247951963e-04
1.186618676951603168e+00 3.251970342250406487e-01 1.190913352153734728e+01 4.211896950349412749e-02 1.503571990783052703e+00 6.285085629206752067e+00 8.810417271590932978e-04 4.742139472505299026e-03 7.349660184027785093e+00 2.529433526364837856e-02 2.036952461564643380e-01 1.000000000000000056e-01 2.036952461564643380e-01 -5.264050034179689419e+00 -6.315798457951588674e+00 2.114413025537607638e+01 3.206979369680072734e-05
1.186552666234975906e+00 3.327968043556454036e-01 1.197828293502625385e+01 3.035936390441968183e-02 7.107990841326753406e-01 6.206455500602215736e+00 6.116723710196737482e-03 8.595838724686308968e-03 1.140182736109851547e+00 2.684947191858064186e-02 2.004477389805516818e-01 6.754263412070805883e-02 2.004477389805516818e-01 -3.785241301757849897e+00 -6.352384765418382706e+00 2.114413025537607638e+01 1.356579990593959409e-04
1.186584701612863002e+00 3.319705225796351633e-01 1.197209689280808398e+01 3.335994710273173375e-02 4.739327015444800395e+00 5.555196829832999228e+00 6.066189936299372929e-04 1.086386009521209811e-02 6.252160276209520973e+00 2.824744225878194834e-02 2.007757046479109464e-01 1.000000000000000056e-01 2.007757046479109464e-01 -4.074679378906267857e+00 -6.720908150499258937e+00 2.114413025537607638e+01 7.025809574580070961e-05
1.186439363616789588e+00 3.303908546370712407e-01 1.194188025379085971e+01 3.247717635780379003e-02 6.247072194812120394e+00 6.070360688787637571e+00 1.734001020720678729e-05 3.040860923840545994e-03 6.287764297077799824e+00 2.539680921160338348e-02 2.018291834267232909e-01 1.000000000000000056e-01 2.018291834267232909e-01 -3.826335248046888182e+00 -6.430091148184813754e+00 2.114413025537607638e+01 1.204622802167954458e-04
1.186748412809699893e+00 3.236710878141915715e-01 1.189894350024106018e+01 5.289950578179124230e-02 1.271591778950757146e+00 5.763781795984894707e+00 1.958010762604201621e-03 8.097540925960213312e-03 7.786202060557965154e-01 2.948252111165523479e-02 2.042732790343401161e-01 1.000000000000000056e-01 2.042732790343401161e-01 -7.003941328124994925e+00 -6.608437724925728673e+00 2.114413025537607638e+01 4.201258065587426391e-06
1.186803241070277792e+00 3.303896821907681414e-01 1.194723545649960883e+01 3.593033196521195488e-02 1.601777014880162664e+00 5.633214144840641424e+00 6.613286851790402222e-04 1.433439399343773872e-03 4.456782055821613575e+00 2.813068623776856028e-02 2.017848758684002153e-01 1.000000000000000056e-01 2.017848758684002153e-01 -2.853979753906259020e+00 -6.677179231098606671e+00 2.114413025537607638e+01 2.487887363432095007e-04
1.186783610234199760e+00 3.294040006059662518e-01 1.196236256643257612e+01 3.104102339126994098e-02 2.069676096548914490e+00 5.338309147302923385e+00 1.986108191724094384e-03 2.075653950194407643e-04 7.537665936287245572e+00 2.297532693734415099e-02 2.015675233532723820e-01 1.000000000000000056e-01 2.015675233532723820e-01 -5.890380858984372026e+00 -6.849284351816653960e+00 2.114413025537607638e+01 1.005527992390517775e-05
1.186728200446565129e+00 3.336883100975148730e-01 1.197809449810791094e+01 3.018110510721111125e-02 5.216579958584605103e-01 6.182162438290099260e+00 1.630836922623935458e-03 4.437046741751143192e-03 3.148003397799478797e+00 2.806771928219501180e-02 2.003300367021330075e-01 4.155810253983416996e-02 2.003300367021330075e-01 -2.318037515820293493e+00 -6.364850058285422385e+00 2.114413025537607638e+01 5.810724795963951184e-04
1.186834444559997426e+00 3.287567462706607047e-01 1.194154951876116932e+01 3.290352148381353592e-02 2.113228780727922640e+00 6.263866005760753808e+00 7.932853111691350739e-05 2.135398979955938602e-03 5.416493687494952525e+00 2.364924740183681554e-02 2.022470048504322326e-01 1.000000000000000056e-01 2.022470048504322326e-01 -2.217304850195318977e+00 -6.324138767620934409e+00 2.114413025537607638e+01 6.693582751344966716e-04
1.186690597863066632e+00 3.263787280755484077e-01 1.191173915741781286e+01 4.704461008582652704e-02 4.085132219067362236e+00 5.519576797331600559e+00 4.166858428003179619e-03 2.006891563908906780e-03 7.879247375946429877e+00 3.002435220853101952e-02 2.034294355384556607e-01 1.000000000000000056e-01 2.034294355384556607e-01 -7.211285138281255058e+00 -6.746379781222446859e+00 2.114413025537607638e+01 2.974566022030093448e-06
1.186797126702749061e+00 3.306622328279699707e-01 1.194416488101011531e+01 3.480663801702561788e-02 -1.951322583431209345e+00 5.986076601698147925e+00 2.488789793263690778e-03 6.904838172263576615e-03 7.593911184360337074e+00 2.767063122276014822e-02 2.018131340890384484e-01 1.364047724402817584e-04 2.018131340890384484e-01 -5.351083223046884996e+00 -6.476651926420563754e+00 2.114413025537607638e+01 2.502881906243759234e-05
1.186563351268013156e+00 3.220505981612037938e-01 1.188019052752727767e+01 5.535462536130242306e-02 -5.879503023159897701e-01 5.715831026907003398e+00 1.791721876884254470e-03 2.104219984498223450e-03 4.062576807626776088e+00 2.852143750536345612e-02 2.050065180540417420e-01 3.417239574152978500e-03 2.050065180540417420e-01 -6.566813600781273408e+00 -6.637346951263766393e+00 2.114413025537607638e+01 6.319262579344525244e-06
1.186830647698494667e+00 3.299751049265488567e-01 1.195946361353622756e+01 3.472112493563372926e-02 2.080015905488872718e+00 5.400605623902861474e+00 3.837642172468139646e-03 5.086668930696819661e-04 7.122690187728664135e+00 2.651949544495010858e-02 2.015486614635911833e-01 1.000000000000000056e-01 2.015486614635911833e-01 -4.369254946289061081e+00 -6.812280470638065744e+00 2.114413025537607638e+01 4.776187160307100049e-05
1.186790727629364550e+00 3.251027489356342337e-01 1.192384163493284355e+01 3.993209161097149851e-02 3.777363807016994590e-01 5.855649214581952755e+00 5.592011958428016669e-04 1.554640089018586701e-03 6.966025011832311264e+00 2.381380114740875090e-02 2.033741533653942168e-01 3.331639753543476357e-02 2.033741533653942168e-01 -4.353293325195295438e+00 -6.555011409657808485e+00 2.114413025537607638e+01 6.276881276250641879e-05
1.186764476106403787e+00 3.312044574404131581e-01 1.196540376823983109e+01 3.437667346115376443e-02 4.935775121267643506e+00 5.564808693947535190e+00 8.816823652037513066e-05 8.011361570488395936e-03 3.138485026373829534e+00 2.800025734675295683e-02 2.011440165749034947e-01 1.000000000000000056e-01 2.011440165749034947e-01 -2.957937937890619651e+00 -6.715889797679681195e+00 2.114413025537607638e+01 2.157100915334780422e-04
1.186732365164285818e+00 3.338246952684146285e-01 1.198095484927630672e+01 3.079884353104645617e-02 7.220117183736570077e+00 5.529384656440633705e+00 6.424076443771664028e-05 4.659866454526031751e-03 4.246520735959332882e+00 2.884118749458434994e-02 2.002297070745990282e-01 1.000000000000000056e-01 2.002297070745990282e-01 -2.273044395117182148e+00 -6.734045078143060081e+00 2.114413025537607638e+01 4.201759699708097350e-04
1.186591498215409102e+00 3.249457669876715249e-01 1.189973132158436364e+01 3.902646263830998608e-02 3.709921681049955233e-01 6.256010901194393625e+00 1.413798542570486334e-04 2.478315716162900282e-03 6.042738383036728500e+00 2.318171569791435682e-02 2.039795668530184902e-01 3.019306950809772308e-02 2.039795668530184902e-01 -5.403020668750002642e+00 -6.332007759619930454e+00 2.114413025537607638e+01 2.746011654605854478e-05
1.186658951153952479e+00 3.340503590643648657e-01 1.198543630648703306e+01 3.149645501052190932e-02 1.017437123997252391e+00 6.271239507158742121e+00 4.358508603122832580e-03 2.942447353510432243e-03 4.277812578905638929e+00 2.981999092755120706e-02 2.000488753053457081e-01 1.000000000000000056e-01 2.000488753053457081e-01 -4.242843125195292941e+00 -6.315506509466296770e+00 2.114413025537607638e+01 8.906918597582416111e-05
1.186614024849957705e+00 3.209625137367825287e-01 1.186989548064559230e+01 5.124979454851556759e-02 7.209383799232123025e-01 5.947201795715352013e+00 2.742372669924595698e-03 1.844915025579652468e-03 4.608755742300422398e+00 2.508151417646785342e-02 2.054829208268408314e-01 6.913813280148370377e-02 2.054829208268408314e-01 -4.772531379882821057e+00 -6.507113701313692822e+00 2.114413025537607638e+01 4.329849997142606747e-05
1.186741901614885464e+00 3.291472206926202571e-01 1.194971924595655821e+01 3.539901623070924874e-02 -2.175414637893132497e+00 5.807732827163182954e+00 4.834336266267164409e-03 4.841344883918977104e-03 5.880963540207853946e+00 2.591158315526245412e-02 2.019356709932303984e-01 8.908117889682643973e-05 2.019356709932303984e-01 -2.866653207617190446e+00 -6.578652473832415915e+00 2.114413025537607638e+01 2.710917681622082099e-04
1.186530258260729109e+00 3.270396465859770618e-01 1.192658553467381921e+01 3.558548365627170473e-02 2.300966529558081675e+00 6.021168226904380916e+00 5.608364636401686788e-04 1.692596286197972297e-02 6.346534893223681806e+00 2.340241985979060052e-02 2.028771531314538246e-01 1.000000000000000056e-01 2.028771531314538246e-01 -4.552132049218755583e+00 -6.460436385047576557e+00 2.114413025537607638e+01 5.655392674688790159e-05
1.186655202027191214e+00 3.284425601451954058e-01 1.193446216699038231e+01 4.070658035451010792e-02 -1.873134385096600907e+00 5.799708843319738349e+00 2.478204924330693927e-03 1.948806491631125976e-03 2.963666599846675354e+00 2.878716425644289867e-02 2.024439340446629876e-01 1.732266400098121130e-04 2.024439340446629876e-01 -3.733127366796878732e+00 -6.583905414053435656e+00 2.114413025537607638e+01 1.133783314176589255e-04
1.186857012282821922e+00 3.287564041229424361e-01 1.194304583691523014e+01 3.058261129178668422e-02 -1.990710649134134202e+00 6.476569886408791277e+00 2.575110478452523072e-03 2.355439625609948365e-03 2.939861247303739766e+00 2.197667646752108489e-02 2.022138019833035205e-01 1.335505757441308040e-04 2.022138019833035205e-01 -5.876147353125020345e+00 -6.208155754009164085e+00 2.114413025537607638e+01 1.936485772222218228e-05
1.186773204104851098e+00 3.302196131201522444e-01 1.195123671991106384e+01 3.090296644861425385e-02 1.316088592225433063e+00 5.960123219327483568e+00 1.953982380665410593e-03 2.416922879831185506e-03 5.820486220546792211e-01 2.394881104928413967e-02 2.017035621147788560e-01 1.000000000000000056e-01 2.017035621147788560e-01 -1.283781156054686790e+00 -6.491627953973305054e+00 2.114413025537607638e+01 1.439936022674290347e-03
1.186645023002607324e+00 3.282882011546938705e-01 1.193675262578327967e+01 3.621703370056305465e-02 7.839800267054734206e+00 5.719164086326053109e+00 3.493761316683800452e-03 7.021365399007649735e-03 3.189845665282513565e+00 2.538993132033708772e-02 2.024098896878619436e-01 1.000000000000000056e-01 2.024098896878619436e-01 -3.375984659960948875e+00 -6.629930449537690507e+00 2.114413025537607638e+01 1.547557338799045103e-04
1.186762309590293496e+00 3.253372989566838402e-01 1.191385310440434253e+01 3.828010393247908982e-02 4.552380668506120998e+00 6.084013191074901350e+00 4.222995311138797876e-06 9.552728591507530370e-03 1.648480020133017199e+00 2.315235237955037481e-02 2.035840033701837304e-01 1.000000000000000056e-01 2.035840033701837304e-01 -4.085349294921883256e+00 -6.426671223341859474e+00 2.114413025537607638e+01 9.329276456659917353e-05
1.186495649104564176e+00 3.305999637676820258e-01 1.195412727848302303e+01 3.143196515648735700e-02 1.112052855454403799e+00 5.872695963142701814e+00 8.508068802976378672e-03 2.507430367404913079e-03 5.347168995796058866e-01 2.479857926555501316e-02 2.014828505998983443e-01 1.000000000000000056e-01 2.014828505998983443e-01 -2.332428491992203590e+00 -6.540774867507142432e+00 2.114413025537607638e+01 4.803714762357028361e-04
1.186688451398698385e+00 3.281794231238228665e-01 1.194180244814372394e+01 3.341120054519650107e-02 9.543118215486886546e-01 5.687774915049014446e+00 1.228400993770727319e-03 4.710041528363354685e-03 5.934379965641952026e+00 2.326959877648571151e-02 2.023093363263785971e-01 1.000000000000000056e-01 2.023093363263785971e-01 -2.957500547656252365e+00 -6.647940140351395577e+00 2.114413025537607638e+01 2.309779808320326666e-04
1.186706608575673672e+00 3.247950656141480041e-01 1.190351583483021081e+01 3.540151340260207918e-02 -9.742025630006021508e-01 5.642182369682537946e+00 2.397582354192556026e-03 1.297389010623535609e-03 6.414942705653762900e+00 2.086494809167531786e-02 2.039383779704392330e-01 1.383606691308687277e-03 2.039383779704392330e-01 -5.613539844726574302e+00 -6.677035934733508427e+00 2.114413025537607638e+01 1.575546506678751393e-05
1.186374191592219685e+00 3.226013920195788254e-01 1.187704622964348822e+01 4.931058727448378587e-02 -1.543438412073676158e+00 5.737785754503430091e+00 2.906719435097478328e-03 6.228529577448745948e-03 6.993813072414281073e+00 2.610431316053814232e-02 2.049397794542752171e-01 3.704027551579023919e-04 2.049397794542752171e-01 -6.827698119726562709e+00 -6.624496336247684525e+00 2.114413025537607638e+01 4.931132200385134888e-06
1.186341001984860588e+00 3.257963360577904588e-01 1.189848834314746640e+01 4.517129366847678906e-02 -2.978878374674034935e-02 5.727984439693075025e+00 2.712510577412571323e-03 4.004842545793770660e-05 1.834536761266819305e+00 2.799241064329728579e-02 2.037911333953446036e-01 1.173506636255637961e-02 2.037911333953446036e-01 -6.305724199999986013e+00 -6.627339880117001591e+00 2.114413025537607638e+01 8.287090916585321268e-06
1.186842397359352264e+00 3.304108086526745258e-01 1.196121967008825493e+01 3.016002317871609162e-02 -1.265594978088170786e+00 5.817117414333777603e+00 1.431729988529821659e-03 2.835705116442019218e-03 5.971802443419410800e+00 2.357237378457513813e-02 2.014238797611302423e-01 7.174310112172723733e-04 2.014238797611302423e-01 -6.535275507812627893e-01 -6.572119885861096300e+00 2.114413025537607638e+01 2.495178718471804426e-03
1.186818305598286827e+00 3.296125832149299772e-01 1.195170068179955791e+01 3.050415131356963572e-02 -1.819170652165579716e+00 5.952480770194044979e+00 2.876273514585107969e-03 5.154752688560572567e-03 1.122044078658243293e+00 2.288978761271913409e-02 2.018168990081294911e-01 1.992339741813768379e-04 2.018168990081294911e-01 -1.839012174218765949e+00 -6.496422432102649580e+00 2.114413025537607638e+01 8.224835369650410543e-04
1.186501323041418310e+00 3.294574092848399083e-01 1.195323703620827160e+01 3.636871624122822722e-02 -3.683439091369455909e+00 5.938396081885026767e+00 4.155311632551279659e-03 4.157335415363120484e-03 5.563332100533343372e+00 2.699922614239269256e-02 2.017219698809603612e-01 2.816649540400141737e-06 2.017219698809603612e-01 -4.832600009374999672e+00 -6.504745393724842728e+00 2.114413025537607638e+01 4.087087349264494811e-05
1.186551719149948392e+00 3.297945531232166494e-01 1.194943835547980981e+01 3.292986059748777283e-02 -2.194737238353523523e+00 5.766292784480374856e+00 6.912824341976641154e-03 1.436787822389845376e-03 7.956112284185908656e+00 2.491900459742625237e-02 2.017717736061541145e-01 8.397765008548729881e-05 2.017717736061541145e-01 -2.357520684960945800e+00 -6.601798019694525621e+00 2.114413025537607638e+01 4.407352558276996153e-04
1.186475748070741076e+00 3.293632064564263051e-01 1.194731097312787860e+01 3.330301085399373084e-02 -3.436505763891053000e+00 6.142389792999384923e+00 2.779639461703446290e-03 8.584070415375059937e-03 4.739296158045823937e+00 2.462806590524981021e-02 2.018881843734063875e-01 4.877568013987252911e-06 2.018881843734063875e-01 -3.597457499023448690e+00 -6.390943607268194881e+00 2.114413025537607638e+01 1.574900003834115759e-04
1.186622209864667710e+00 3.261771914559042362e-01 1.191992689791907623e+01 3.380941862241020057e-02 -2.930604782877491044e+00 6.030308260121418407e+00 1.519375506146602821e-03 3.193915118714183311e-03 5.259348581964192526e+00 2.130497962211393495e-02 2.032344127341085271e-01 1.563567442296916052e-05 2.032344127341085271e-01 -3.891845475976566604e+00 -6.456006654725657157e+00 2.114413025537607638e+01 1.099373812359733606e-04
1.186604501837948300e+00 3.266705998179772474e-01 1.192401851320149042e+01 3.721178955539521105e-02 3.766013097353772265e-02 5.413215543765417692e+00 4.539251202469345332e-03 5.187805846733104615e-04 5.252469687654119923e-01 2.403190530096226130e-02 2.030319231815110870e-01 1.452329420585522952e-02 2.030319231815110870e-01 -5.912945296289080943e+00 -6.808028803168154397e+00 2.114413025537607638e+01 1.024499171963112455e-05
1.186670436120725869e+00 3.325467453088125636e-01 1.197666090508270109e+01 3.168699175872707191e-02 -9.110883675896925826e-01 6.005078436250808949e+00 4.280868645608798366e-03 5.730609039202331709e-03 3.109760153401442295e+00 2.767511642944374059e-02 2.005692018773133078e-01 1.606086368312281774e-03 2.005692018773133078e-01 -2.434763663476559259e+00 -6.464429206107674908e+00 2.114413025537607638e+01 4.680476950984395002e-04
1.186610428271164919e+00 3.343654099684605363e-01 1.198877450769861142e+01 3.154698325329608616e-02 6.300535024202951639e+00 5.722113059941395186e+00 8.312234585870797348e-04 6.994160833059710758e-04 3.652271071750304188e+00 3.036129887148772064e-02 1.998876919992231271e-01 1.000000000000000056e-01 1.998876919992231271e-01 -1.015149086523450705e+00 -6.622846740118181863e+00 2.114413025537607638e+01 1.652041783226423748e-03
1.186521088441020666e+00 3.293282768931677928e-01 1.194497282648699432e+01 3.180326354025469343e-02 -2.421983177657714703e-01 5.826129098098202341e+00 7.126502258004921301e-04 1.259408901786336632e-02 7.142159960082630654e+00 2.349471337949615019e-02 2.019680039665048277e-01 7.542221909383404511e-03 2.019680039665048277e-01 -2.409621653320328960e+00 -6.568241476039837323e+00 2.114413025537607638e+01 4.326373912483417604e-04
1.186403216671801264e+00 3.273317582507521140e-01 1.191897099074477140e+01 3.743784358163824294e-02 6.865132297621581614e+00 5.598667932530497993e+00 1.877599533737745819e-04 5.785233264531387982e-03 1.525316027193314383e+00 2.502031414633494252e-02 2.029891311936180553e-01 1.000000000000000056e-01 2.029891311936180553e-01 -5.359166792578122340e+00 -6.700099133760388348e+00 2.114413025537607638e+01 1.985581967084842643e-05
1.186534322728620694e+00 3.234630938401885092e-01 1.188535001658053503e+01 4.847573051676311306e-02 2.828722500558781050e+00 6.149980778810345328e+00 2.702329673175804439e-04 4.971825724208209056e-03 7.209121181847849336e+00 2.677841628120171055e-02 2.046094129206690870e-01 1.000000000000000056e-01 2.046094129206690870e-01 -5.916574940820339634e+00 -6.391861023205660963e+00 2.114413025537607638e+01 1.547656754702728409e-05
1.186626121697185399e+00 3.306792815204795954e-01 1.195163935228589480e+01 3.093228741587576366e-02 7.177063857153203941e+00 6.345280715316443221e+00 1.394130560393406094e-03 6.716162559190048779e-03 2.672286604091328677e+00 2.454382886819089435e-02 2.015679302411177432e-01 1.000000000000000056e-01 2.015679302411177432e-01 -4.015794988476557137e+00 -6.278007029857380239e+00 2.114413025537607638e+01 1.160430281410816146e-04
1.186708836041822757e+00 3.257938764822317368e-01 1.191732544853157272e+01 3.596989789153779565e-02 4.267540486597697580e+00 5.839489909658415634e+00 6.708309444443932151e-04 1.363361017082442145e-02 3.832600640512523249e+00 2.224747762192321246e-02 2.033955633218889614e-01 1.000000000000000056e-01 2.033955633218889614e-01 -4.292081811718759354e+00 -6.563624379395571751e+00 2.114413025537607638e+01 6.615873179659851049e-05
1.186514232656510570e+00 3.350216280036320549e-01 1.199254039233559332e+01 3.086327168966945117e-02 2.594733377562364662e+00 5.878634908109495072e+00 6.684907150620810444e-03 4.387753945040051193e-04 4.581313203093850817e+00 3.076206397104351217e-02 1.996370109318864605e-01 1.000000000000000056e-01 1.996370109318864605e-01 -3.454269493749990261e+00 -6.533432129593121473e+00 2.114413025537607638e+01 1.576002004902984173e-04
1.186721304660045551e+00 3.267075271735495057e-01 1.191095700424880199e+01 4.093440441271635477e-02 6.403907427871742275e-01 5.735828748406173183e+00 9.448857368439971850e-04 3.518950650035605060e-03 6.900573245216611973e+00 2.658445663524118888e-02 2.033976559381284188e-01 5.448079241162690628e-02 2.033976559381284188e-01 -4.207689512499996454e+00 -6.621743975700826290e+00 2.114413025537607638e+01 6.791993498080814678e-05
1.186327328573758111e+00 3.308013885002675236e-01 1.195172386395281983e+01 3.573913478349068779e-02 -1.446434895990915459e+00 5.882772405522026737e+00 4.538327866875750422e-04 4.223644083422943389e-03 3.939636148653987924e+00 2.848678296551453853e-02 2.014636441265352795e-01 4.628440071906585120e-04 2.014636441265352795e-01 -3.216512998437508486e+00 -6.535045155766534997e+00 2.114413025537607638e+01 1.995779563616443273e-04
1.186796067751295425e+00 3.301887333658902746e-01 1.194955258068782378e+01 3.214765160696595597e-02 3.161335404421889095e+00 5.880144122173962096e+00 3.687923667215942287e-03 4.038725570046426683e-03 1.363697828124164957e+00 2.488539384805571811e-02 2.017596399799349571e-01 1.000000000000000056e-01 2.017596399799349571e-01 -2.035639251562514573e+00 -6.536679955378731144e+00 2.114413025537607638e+01 6.490072359148228893e-04
