# mc delta_mc R14 alpha_dyn log_f_disk theta s1z s2z sigma_sys md vd mw vw lnL lnp lnps weights
1.185537150364530001e+00 7.723211266115099366e-03 1.160422023063284058e+01 2.474931549591705249e+00 -1.545534349267861485e+00 6.295375156901410918e+00 7.635724173325957043e-02 8.305449746018908619e-02 8.681457927995612778e-01 1.209353058572482272e-02 2.413298669548999409e-01 3.914827538372857426e-04 2.413298669548999409e-01 -3.155363994531256822e+00 -6.445124103124931558e+00 1.921546957968777036e+01 3.091662193102597185e-04
1.185574540811118016e+00 5.842460741048574775e-03 1.163116625894170930e+01 2.466362826429253641e+00 -1.402701117390439345e+00 6.229070452037104744e+00 7.497976423921992595e-02 8.590207402782895629e-02 8.574543873876239175e-01 1.210832487258985818e-02 2.408751661307715897e-01 5.523588996267263847e-04 2.408751661307715897e-01 -2.374460839062521700e+00 -6.481558353106122716e+00 1.921546957968777036e+01 6.508947562058723952e-04
1.185502799966458243e+00 3.830570121071412166e-03 1.165122352848931975e+01 2.488117602472553092e+00 -4.083100723655242348e+00 5.873543637556421615e+00 7.275953194616106845e-02 8.811314613218391989e-02 1.460601189914836340e+00 1.225619792027690322e-02 2.405213864785711864e-01 1.146676417364638864e-06 2.405213864785711864e-01 -2.406492957812503164e+00 -6.680007595162839706e+00 1.921546957968777036e+01 5.169088759296440894e-04
1.185502739076396805e+00 7.447683718164918023e-04 1.168798543850470395e+01 2.496684341773905746e+00 -2.482093882009410279e+00 5.914514681127876372e+00 7.995282414521583114e-02 8.939274777429709329e-02 4.218824152141721129e+00 1.238473215198967851e-02 2.398918827609519688e-01 4.599676374740707864e-05 2.398918827609519688e-01 -1.736466142968765780e+00 -6.656907135121884700e+00 1.921546957968777036e+01 1.033797173223668193e-03
1.185501404263929803e+00 4.829000113200820204e-03 1.164662926186908365e+01 2.442409980158170679e+00 -2.552114465865860993e+00 5.220214229968097364e+00 8.361818790586329764e-02 8.646990962262539326e-02 5.128730424362398566e+00 1.202603261877661575e-02 2.405979825278746764e-01 3.968012583555945383e-05 2.405979825278746764e-01 -3.816476254296901516e+00 -7.057704358065672423e+00 1.921546957968777036e+01 8.650364433848963604e-05
1.185525950065928535e+00 1.566703652493493717e-03 1.167060467502945009e+01 2.444661280990175101e+00 -3.339782906522670736e+00 6.386030724195661534e+00 6.501524348364012829e-02 9.516199493921087549e-02 6.360906294392121296e+00 1.208309155495417529e-02 2.401944166711054707e-01 6.235061638848825052e-06 2.401944166711054707e-01 -3.829296791796878097e+00 -6.395670531914790402e+00 1.921546957968777036e+01 1.655709547890689632e-04
1.185566893100254093e+00 1.450589242716399021e-03 1.169029977606503756e+01 2.432325993381889262e+00 -1.975222865849714626e+00 6.217001213451998964e+00 7.922526024907455833e-02 6.961684975845337797e-02 1.228481648976487151e+00 1.207173394488161855e-02 2.398624976489622806e-01 1.518209690481435881e-04 2.398624976489622806e-01 -5.050397077734402274e+00 -6.488254339326819498e+00 1.921546957968777036e+01 4.451008262865158030e-05
1.185502182475169475e+00 6.483836197758150767e-03 1.162245141023423045e+01 2.498187198849469937e+00 -1.057930249377556087e-01 6.165185479931679424e+00 7.377666530286804136e-02 8.769511746246502759e-02 1.368839100602344594e+00 1.224729504962658762e-02 2.410118123553887104e-01 1.091800691008452083e-02 2.410118123553887104e-01 -1.440831300390641445e+00 -6.516881743756542278e+00 1.921546957968777036e+01 1.598233302689519401e-03
1.185534795618489845e+00 3.354049439375786194e-03 1.165444891611657852e+01 2.462833657583348934e+00 -3.115591831480425178e+00 5.529219586366508565e+00 8.415158604843724077e-02 8.234963056966643213e-02 4.718985317598409779e+00 1.213695926729354765e-02 2.404721065657210999e-01 1.056643522685049546e-05 2.404721065657210999e-01 -4.116626022265620577e+00 -6.876919043216920713e+00 1.921546957968777036e+01 7.677062584474719992e-05
1.185523649005848501e+00 3.659020235625501556e-03 1.163683002304776615e+01 2.318366391183247277e+00 -2.255989022423889878e+00 6.224691685138418862e+00 7.014004644509455599e-02 8.694308110517366683e-02 6.507352762749603059e+00 1.138056676531479759e-02 2.407746134449923470e-01 7.345079925272972408e-05 2.407746134449923470e-01 -6.610402257421867489e+00 -6.484038546670616299e+00 1.921546957968777036e+01 9.392639516623011640e-06
1.185501798311827670e+00 1.780343518042548992e-02 1.148965092700892043e+01 2.493379758184663952e+00 -2.200338051008456919e+00 6.385548435828162894e+00 7.352963324594527506e-02 8.826079907462065777e-02 3.711737007245239361e+00 1.202072252991666194e-02 2.432659085666158960e-01 8.627275782822648560e-05 2.432659085666158960e-01 -5.234601308984395018e+00 -6.395576073739285938e+00 1.921546957968777036e+01 4.061712492138881307e-05
1.185504249047622194e+00 2.629530904625406416e-03 1.168292031568071643e+01 2.466879047401348668e+00 -2.766382167919512747e-01 5.300161013449826264e+00 6.651193572042368718e-02 9.202397500255761476e-02 1.352671017948340548e+00 1.222951695212695818e-02 2.399772545735096019e-01 7.722344591547971107e-03 2.399772545735096019e-01 -6.751234746875013570e+00 -7.010585620940587681e+00 1.921546957968777036e+01 4.818905312495273225e-06
1.185566994691669374e+00 2.991794451680478053e-03 1.166699066248787986e+01 2.415490244190355629e+00 -2.808996541030636340e+00 6.159863995621853050e+00 6.716325783036838915e-02 9.232042528882253296e-02 1.207395510383810766e+00 1.193449199405090082e-02 2.402616932576888686e-01 2.190139105622561212e-05 2.402616932576888686e-01 -2.313391512890632384e+00 -6.519812219035394207e+00 1.921546957968777036e+01 6.659159254893317606e-04
1.185531616572909286e+00 6.427123998374862897e-04 1.168184039585290535e+01 2.487093472314209741e+00 -2.273577584333771107e+00 6.364108463354129164e+00 8.086860526462841259e-02 7.368558491387421083e-02 2.994901685974290295e+00 1.232063739134988366e-02 2.400024992189389028e-01 7.276731848930436352e-05 2.400024992189389028e-01 -3.700703814453135010e+00 -6.407615773098581435e+00 1.921546957968777036e+01 1.860559749334305833e-04
1.185614078914424052e+00 1.149143694219006322e-03 1.169084652679131864e+01 2.379670440963282285e+00 -1.312108043893976506e+00 6.793697075774423055e+00 7.897545372000969177e-02 6.587067476196113713e-02 6.950892741213532844e+00 1.181039698632514907e-02 2.398613423415778545e-01 6.925528013447166363e-04 2.398613423415778545e-01 -1.338634333867187820e+01 -6.176923107850040395e+00 1.921546957968777036e+01 1.456841732860666423e-08
1.185557425730947800e+00 1.269036884821870582e-03 1.168885634417505592e+01 2.388615448177409117e+00 -4.242921653548517469e+00 6.134379353100563037e+00 6.913602180926152474e-02 8.603178734474858924e-02 6.399156384954878263e+00 1.185094025755679611e-02 2.398858518531866713e-01 8.119509535989332688e-07 2.398858518531866713e-01 -3.593577649999986079e+00 -6.533950524861039888e+00 1.921546957968777036e+01 1.825162082910593666e-04
1.185585066703519042e+00 4.515465073386024444e-03 1.165259522305332496e+01 2.281450799168200039e+00 -2.950467195864709513e+00 6.067271778766177626e+00 8.013210277874328880e-02 8.538299257501112682e-02 3.273480666376938686e+00 1.124511020602267722e-02 2.405098796636472303e-01 1.592925570342828615e-05 2.405098796636472303e-01 -5.120806141796862221e+00 -6.571214270633553234e+00 1.921546957968777036e+01 3.818133348902100438e-05
1.185517223193393699e+00 7.188082520800190452e-03 1.159255823675524333e+01 2.370159180531187015e+00 -2.303772553586588057e+00 6.482939223963619213e+00 7.342659993951118624e-02 8.798878966862883066e-02 1.538153955821783825e-01 1.154061274821795505e-02 2.415325051834013026e-01 6.494438842867443159e-05 2.415325051834013026e-01 -8.944595517968764398e+00 -6.343034286372217778e+00 1.921546957968777036e+01 1.047846758238909185e-06
1.185519871696742111e+00 5.685007162114778800e-03 1.163824332984665766e+01 2.386607839508687601e+00 -6.486149630354955953e-01 5.895294911337055410e+00 7.654990775742462339e-02 8.286131238004650068e-02 6.070938240481908110e+00 1.173581219081088096e-02 2.407436364579267907e-01 3.187052290484368011e-03 2.407436364579267907e-01 -4.442059203515640320e+00 -6.667690744671533665e+00 1.921546957968777036e+01 6.834833536535704331e-05
1.185546708230371449e+00 6.741463106985482595e-03 1.160896404325403353e+01 2.382186530298368243e+00 -3.476287811220884816e+00 6.194129991507605126e+00 8.042396190935924283e-02 7.134691390892904106e-02 5.465325108078409322e+00 1.164189518640787631e-02 2.412531282596559468e-01 4.508511369334687453e-06 2.412531282596559468e-01 -5.891466995312526933e+00 -6.500839174825042477e+00 1.921546957968777036e+01 1.895487181512020956e-05
1.185603053945990748e+00 1.393866816487148406e-03 1.168757216271449906e+01 2.494824311136850881e+00 -4.853282687804814088e-01 5.634475469664711689e+00 6.513938984782625952e-02 8.375427918380765058e-02 7.895080915036420066e+00 1.237417547070591983e-02 2.399155532904658772e-01 4.642513965325422050e-03 2.399155532904658772e-01 -7.009567323046894671e+00 -6.816168822149028195e+00 1.921546957968777036e+01 4.520537990905045512e-06
1.185553745812019777e+00 4.106074110450996795e-03 1.164661414988979793e+01 2.403088666321913980e+00 -6.552915832744536928e-01 5.338387152947157155e+00 7.498924048677471643e-02 7.564615795620222016e-02 2.051078716802198443e+00 1.182589801704063068e-02 2.406091394278837559e-01 3.053602371582593133e-03 2.406091394278837559e-01 -7.893919908984400990e+00 -6.988084436448407821e+00 1.921546957968777036e+01 1.572022192165367276e-06
1.185575027435729289e+00 3.664853248768289423e-03 1.165096846132928299e+01 2.491847767657304757e+00 3.286106443800194121e-01 6.158396620036783453e+00 6.243854680271009733e-02 8.637304036852132272e-02 4.093678342861228003e+00 1.227150026540441141e-02 2.405384615288780892e-01 2.935586054449427357e-02 2.405384615288780892e-01 -4.280868872265642722e+00 -6.520612457345244195e+00 1.921546957968777036e+01 9.302663284961045723e-05
1.185508102104705141e+00 3.170047010529999671e-03 1.166696718895664198e+01 2.369611881285949018e+00 -3.438626320009562143e+00 6.488536805658027262e+00 8.762619617900858915e-02 8.197769121995018837e-02 3.772347182366100782e+00 1.170960640178237734e-02 2.402517593044571909e-01 5.175255711347040609e-06 2.402517593044571909e-01 -4.044947925390630417e+00 -6.340066037484842099e+00 1.921546957968777036e+01 1.410836805783758730e-04
1.185524858019659566e+00 4.950306938163333281e-03 1.165710358814331471e+01 2.486126905950972965e+00 -1.734556980194950970e+00 6.393170347243479767e+00 7.862179734685034727e-02 8.452902783479086801e-02 7.145924155474170369e+00 1.227116444353078262e-02 2.404204318980183719e-01 2.691970161217982233e-04 2.404204318980183719e-01 -6.914783608203151744e+00 -6.391758066665357063e+00 1.921546957968777036e+01 7.597547376762856943e-06
1.185519880937514925e+00 4.049045476978214986e-03 1.166688598767716023e+01 2.465535239755294317e+00 -1.708153168645369036e+00 6.253859931296088526e+00 8.490932296223398235e-02 8.203829134785731170e-02 5.038402960273590914e+00 1.218886766763136419e-02 2.402531913630036042e-01 2.858034703078963070e-04 2.402531913630036042e-01 -3.775621710156258359e+00 -6.467983069792339279e+00 1.921546957968777036e+01 1.625137114794348095e-04
1.185622964359819731e+00 1.644068961911652010e-05 1.169628038439594597e+01 2.461487765958460194e+00 -8.009400757174477414e-01 5.791463141332690689e+00 7.288298141379041806e-02 8.537507760666573908e-02 3.059142282669364832e-01 1.222887605288861326e-02 2.397699425974439968e-01 2.200516968546007302e-03 2.397699425974439968e-01 -4.876624117968759720e+00 -6.726438852563766169e+00 1.921546957968777036e+01 4.173350093320519648e-05
1.185512136705017872e+00 3.474499480917531743e-03 1.166194741578477689e+01 2.473017744151849939e+00 -2.843212802769385927e+00 5.832343284120245386e+00 6.323553806003624767e-02 9.187396425219922225e-02 5.097430315110001331e+00 1.220878288036373119e-02 2.403384500315993710e-01 2.029493317844111204e-05 2.403384500315993710e-01 -3.617040659374993083e+00 -6.703317389997813791e+00 1.921546957968777036e+01 1.505069266106539140e-04
1.185532211167035221e+00 7.120528191249428721e-03 1.161243933947585205e+01 2.433995907249837831e+00 -3.456642603850951012e+00 6.136454209298881857e+00 7.399149989100299585e-02 9.408996855960968797e-02 2.449356427397375136e+00 1.191029263306648753e-02 2.411885021989269018e-01 4.824408275608170055e-06 2.411885021989269018e-01 -2.637709337500012907e+00 -6.532762201237084732e+00 1.921546957968777036e+01 4.752759666527936640e-04
1.185510330108160870e+00 4.485111482658463503e-03 1.164520979890718699e+01 2.449247298267637429e+00 -2.921820986414840782e+00 6.078388511129519500e+00 6.128202873329900713e-02 9.768056483590366323e-02 6.324640575335314097e+00 1.205276634429213248e-02 2.406250656752940142e-01 1.668449089825338049e-05 2.406250656752940142e-01 -2.432408197656258153e+00 -6.565084653406038306e+00 1.921546957968777036e+01 5.650274451375742173e-04
1.185601302216577446e+00 1.496753531731699225e-03 1.167735135392073609e+01 2.481845083528208207e+00 -5.181969448650778354e-01 5.548248436941533690e+00 7.822332161138915996e-02 7.392555922693185011e-02 6.398841558887498060e+00 1.228341891926881292e-02 2.400910206892948318e-01 4.196436772944553417e-03 2.400910206892948318e-01 -6.354621333984368903e+00 -6.865866506936371572e+00 1.921546957968777036e+01 8.280300960085231247e-06
1.185573607669267560e+00 2.188079430988434503e-03 1.168006099876422255e+01 2.349158832715185774e+00 -2.139655485156391368e+00 6.309933627415081681e+00 8.429747025780391645e-02 7.331930898270991315e-02 7.972688581496440108e+00 1.163603421970667642e-02 2.400388800905693398e-01 1.034068180277320789e-04 2.400388800905693398e-01 -4.305196441406252461e+00 -6.437182690275206731e+00 1.921546957968777036e+01 9.869043429896704747e-05
1.185507158417363538e+00 3.326898570049432145e-03 1.163476491156477266e+01 2.360618133253271189e+00 -3.852971806391179310e+00 6.130661311264463009e+00 7.225657243862652901e-02 8.550015198111142467e-02 3.738588529037301100e+00 1.158063041328601626e-02 2.408083367726546187e-01 1.827420832485674546e-06 2.408083367726546187e-01 -7.690064447656254742e+00 -6.536043970840274220e+00 1.921546957968777036e+01 3.029079378868980719e-06
1.185592788774160189e+00 6.537161527567925644e-03 1.162261078756904986e+01 2.453469241279536472e+00 -3.639963825988546731e+00 5.849459018144296252e+00 8.314096615835989135e-02 8.334467519907169664e-02 4.167555058161237724e+00 1.202746702008195868e-02 2.410242718626476877e-01 3.190421561046688193e-06 2.410242718626476877e-01 -3.816596779687500884e+00 -6.693518830289954202e+00 1.921546957968777036e+01 1.244932560937906936e-04
1.185581078327185178e+00 1.121273352516309867e-03 1.169940744452769543e+01 2.475413272951247468e+00 -4.208386090134600188e+00 5.655933294171471282e+00 8.074696457301674957e-02 7.508770046157942080e-02 2.217658684512269218e-02 1.230765365770871735e-02 2.397087960085336755e-01 9.003885856869837227e-07 2.397087960085336755e-01 -5.786221390625030381e+00 -6.803867273040141939e+00 1.921546957968777036e+01 1.555338800189326741e-05
1.185574540811118016e+00 5.842460741048574775e-03 1.163116625894170930e+01 2.466362826429253641e+00 -1.402701117390439345e+00 6.229070452037104744e+00 7.497976423921992595e-02 8.590207402782895629e-02 8.574543873876239175e-01 1.210832487258985818e-02 2.408751661307715897e-01 5.523588996267263847e-04 2.408751661307715897e-01 -2.374460839062521700e+00 -6.481558353106122716e+00 1.921546957968777036e+01 6.508947562058723952e-04
1.185586746585892248e+00 2.950495261688215395e-03 1.166953553822310141e+01 2.455594750255534642e+00 -3.451405019964305598e+00 6.044007460643148200e+00 8.776545557152451438e-02 7.895625891126097085e-02 1.768549133826915920e+00 1.213888398083918033e-02 2.402212286805398556e-01 5.015932360578259422e-06 2.402212286805398556e-01 -2.121203074218755091e+00 -6.584203116155265434e+00 1.921546957968777036e+01 7.566955297468319500e-04
1.185500516018969552e+00 3.149521894787204145e-03 1.165943622689774983e+01 2.498007793998296311e+00 -1.810501500016080012e+00 6.200197468894408814e+00 8.391803830354424565e-02 8.882064635082730086e-02 6.541478416928487860e-01 1.232350046287278116e-02 2.403805095582518536e-01 2.151323236956875090e-04 2.403805095582518536e-01 0.000000000000000000e+00 -6.497570837084096773e+00 1.921546957968777036e+01 6.882906646581578476e-03
1.185504252478509324e+00 5.405704232921861377e-03 1.163968762534351242e+01 2.456928502679028181e+00 -3.028808744667404351e+00 6.099865209948985623e+00 8.512111351203587029e-02 7.710742489845710812e-02 6.137263810065943126e+00 1.208322333581205062e-02 2.407168944779602970e-01 1.322246326104680753e-05 2.407168944779602970e-01 -3.487443645703137918e+00 -6.553128467938042157e+00 1.921546957968777036e+01 1.990975773226141073e-04
1.185531212434852044e+00 5.712981547098670843e-03 1.162615255832128014e+01 2.459662910094709165e+00 -4.447785216593950430e+00 6.080911036203385578e+00 7.286130607774055079e-02 8.152948581579716469e-02 4.377838629741161114e+00 1.206037261742734859e-02 2.409553183795262177e-01 4.894301608102057089e-07 2.409553183795262177e-01 -3.614561157421888993e+00 -6.563647434914990697e+00 1.921546957968777036e+01 1.734966974190153409e-04
1.185575273684146724e+00 5.326842111198185244e-03 1.164377102582065682e+01 2.459405915152103272e+00 1.226988625145111644e+00 6.146279028042762604e+00 7.988903984270390168e-02 7.771771230212651260e-02 1.036671173639150290e+00 1.210492803778167800e-02 2.406584842541882874e-01 1.000000000000000056e-01 2.406584842541882874e-01 -3.256066815625018762e+00 -6.527306329162342102e+00 1.921546957968777036e+01 2.574933801727544657e-04
1.185521551406149010e+00 5.726810322512440946e-03 1.164024307771827971e+01 2.414895536567562395e+00 -2.477012845714125167e+00 6.072934194503137206e+00 8.635282087662535244e-02 8.415586565542838848e-02 6.241073477946513570e+00 1.188086248317100566e-02 2.407091097121175638e-01 4.763816057322900287e-05 2.407091097121175638e-01 -2.905407716796872819e+00 -6.568097881588862208e+00 1.921546957968777036e+01 3.510264434554260225e-04
1.185529909864330600e+00 1.125069812270511295e-03 1.169170209221386614e+01 2.481975747731848259e+00 -4.207493280169751770e+00 6.013611469508297169e+00 8.121851055814632847e-02 7.831668508259821693e-02 5.427277385956490008e+00 1.232152873366418669e-02 2.398324022429339508e-01 8.845855880302037044e-07 2.398324022429339508e-01 -3.463842464453136927e+00 -6.601246712003882244e+00 1.921546957968777036e+01 1.942756409028971790e-04
1.185605378124183096e+00 4.201734392581632505e-03 1.165543686393941947e+01 2.468280045436162418e+00 -6.908684601803261049e-01 6.255546172498045010e+00 7.141055462202192117e-02 8.611158388242408368e-02 5.824521495645255342e+00 1.217104299725423056e-02 2.404650421780252789e-01 2.888785588496746611e-03 2.404650421780252789e-01 -3.807303737890663342e+00 -6.466982327276739717e+00 1.921546957968777036e+01 1.576032960655071276e-04
1.185508286889061624e+00 8.366208771711895753e-03 1.160810084302861611e+01 2.477841443576536129e+00 -2.023344519581188106e+00 6.275906129405025347e+00 8.335183725280048694e-02 7.211980260249435670e-02 5.100577820548934938e+00 1.212937762321765998e-02 2.412541162058864375e-01 1.345288246308282457e-04 2.412541162058864375e-01 -3.578935369140623379e+00 -6.455816243972027024e+00 1.921546957968777036e+01 2.002598039658652575e-04
1.185532357568030992e+00 7.275416780035507368e-03 1.161161183646186856e+01 2.242199851854157711e+00 -4.607519966776418840e+00 5.990707943535591440e+00 8.546142393173095098e-02 7.604830519378941167e-02 6.550146089595406451e+00 1.097131364061714257e-02 2.412022588163047487e-01 3.417351088183778000e-07 2.412022588163047487e-01 -6.602390981640638756e+00 -6.614006642536636171e+00 1.921546957968777036e+01 8.314238544436686150e-06
1.185564052501504317e+00 2.616782654284443253e-03 1.166093126367358757e+01 2.476404014346329507e+00 -1.919365864598429339e-01 6.462573311769261863e+00 7.353438520708407977e-02 8.503908617658184621e-02 1.129743010621249155e+00 1.221720313510886793e-02 2.403664327611280127e-01 8.809712550555565472e-03 2.403664327611280127e-01 -3.396286157031255470e+00 -6.354068359061735727e+00 1.921546957968777036e+01 2.661373796743453520e-04
1.185567451611704293e+00 8.492000702425908654e-04 1.167516028867174427e+01 2.490802446249341884e+00 -4.233678074935098401e+00 6.424475368100930339e+00 8.421119939208501770e-02 7.858300619563951539e-02 5.518265026665668316e+00 1.232110010102992204e-02 2.401234893532641634e-01 7.870824172927009274e-07 2.401234893532641634e-01 -3.554365978906275814e+00 -6.374731797545325485e+00 1.921546957968777036e+01 2.225761699868993308e-04
1.185509654832937132e+00 2.043685787758086573e-03 1.168126035621403602e+01 2.480075315199378405e+00 -1.521652637544700593e+00 6.236251174518631757e+00 8.450468717713435773e-02 8.422632326699423799e-02 3.348243047388102411e+00 1.228807278841548972e-02 2.400075845917348794e-01 4.293032246479173671e-04 2.400075845917348794e-01 -2.216711498437490491e+00 -6.477694656411616236e+00 1.921546957968777036e+01 7.650651561553963335e-04
1.185510002748349390e+00 6.603678660345330478e-03 1.162910728573780972e+01 2.477377236161673490e+00 -2.182620841013300783e+00 6.214299737613373509e+00 6.504241515022621267e-02 9.378989157718937986e-02 5.806334161850199571e+00 1.216604870753912673e-02 2.408970122645507361e-01 9.353156102543706764e-05 2.408970122645507361e-01 -2.565391458203123420e+00 -6.489742043372023872e+00 1.921546957968777036e+01 5.333797542114648241e-04
1.185511234938766645e+00 5.534152787465823967e-03 1.163136076191988089e+01 2.488500694876902397e+00 1.015998612377778221e+00 6.382176818008409747e+00 8.126546346209942429e-02 7.662902890162545666e-02 6.732468202460149875e+00 1.221558695617925780e-02 2.408620861919733014e-01 1.000000000000000056e-01 2.408620861919733014e-01 -2.551218208984380453e+00 -6.397748112477144922e+00 1.921546957968777036e+01 5.931224292049057378e-04
1.185619799228383009e+00 5.699863930378610416e-03 1.161784681963154142e+01 2.435752109393543474e+00 -1.325820418584606974e+00 5.863599188717427246e+00 8.176450339385502031e-02 7.367304674226993200e-02 5.702899263079491021e+00 1.191721114546862026e-02 2.411148779258474595e-01 6.310681373972405403e-04 2.411148779258474595e-01 -7.909744435156255804e+00 -6.685508700375811131e+00 1.921546957968777036e+01 2.094079381931482608e-06
1.185539110868922608e+00 5.222558289780952247e-03 1.161701907741660555e+01 2.434649226820040369e+00 -1.115812739309057999e+00 6.070241891689129865e+00 7.528206814280995196e-02 8.561888820455336446e-02 4.071825604115629105e+00 1.190632612371441551e-02 2.411171195685259949e-01 1.007450456739485004e-03 2.411171195685259949e-01 -6.166971395703143344e+00 -6.569589675902413717e+00 1.921546957968777036e+01 1.343423211524151258e-05
1.185614660707381862e+00 3.656628609856429988e-03 1.166331623689789687e+01 2.476741626420622566e+00 -3.971312442739121984e+00 6.536460760503326917e+00 7.704101464485446638e-02 8.388966919639832820e-02 7.046135827444751421e+00 1.223036608191211717e-02 2.403318276738310999e-01 1.521415159963615587e-06 2.403318276738310999e-01 -6.051743870312520812e+00 -6.314117195092985746e+00 1.921546957968777036e+01 1.946282218349229293e-05
1.185566111835654413e+00 5.362397033173341328e-03 1.163979071166470192e+01 2.382639598161704786e+00 -4.450925066873678282e-01 6.393469329613027163e+00 8.579494298966383603e-02 7.319737787329227974e-02 1.310127107082319498e-01 1.171669673128884065e-02 2.407257786509121589e-01 5.056459393091264527e-03 2.407257786509121589e-01 -4.353478154687536517e+00 -6.391555443185939822e+00 1.921546957968777036e+01 9.842881126601351466e-05
1.185561468494752857e+00 1.041768275192066174e-03 1.168432314851633258e+01 2.395118732642279369e+00 1.831586516889292804e-01 6.325182520014904775e+00 7.592394121053182288e-02 8.210632015125035599e-02 1.067216365781037624e+00 1.187138951806455955e-02 2.399646397236018247e-01 2.122906283181776391e-02 2.399646397236018247e-01 -3.216618435546877208e+00 -6.428851688808562059e+00 1.921546957968777036e+01 2.955674394032083152e-04
1.185642152012420070e+00 4.683856283198845581e-03 1.164183823768104276e+01 2.490836772846759306e+00 -1.840574585465584834e+00 6.199760174267479051e+00 7.710418516144069978e-02 8.877821611979409833e-02 3.494451151184389204e+00 1.224714611057884685e-02 2.407053322880175483e-01 1.998186298702639007e-04 2.407053322880175483e-01 -2.611738492968754599e+00 -6.497678334587159377e+00 1.921546957968777036e+01 5.051979481149019994e-04
1.185521880604611278e+00 5.687691973446722463e-03 1.163208220161590845e+01 2.324000793251172148e+00 -2.719104423953778937e+00 6.325738268734818703e+00 8.849513917608127500e-02 8.203483714083048550e-02 6.185944979193793714e+00 1.141131042893121263e-02 2.408508472556054603e-01 2.663292786326513524e-05 2.408508472556054603e-01 -3.752006192187508304e+00 -6.428543578633811428e+00 1.921546957968777036e+01 1.730909857908767286e-04
1.185617570763840778e+00 3.390787287035834587e-04 1.168259837151976832e+01 2.219140890619891060e+00 -2.720520778839496057e+00 6.559460769202942743e+00 7.903186103825617093e-02 9.103043159631579728e-02 6.970788071343894110e+00 1.099359589025337806e-02 2.400041231249092633e-01 2.574229244996875416e-05 2.400041231249092633e-01 -7.560168046874991887e+00 -6.301754767105199662e+00 1.921546957968777036e+01 4.359879164939743860e-06
1.185527509867473128e+00 4.518475841314937951e-03 1.163666374213528520e+01 2.445666691297029516e+00 -3.126467819980281782e+00 6.035142182624696261e+00 8.074255699998580948e-02 7.590784300190914213e-02 1.111171165987789422e+00 1.201112724069882710e-02 2.407759908431200691e-01 1.017181511365197464e-05 2.407759908431200691e-01 -3.829061589062490611e+00 -6.589189549827863424e+00 1.921546957968777036e+01 1.364715294760815922e-04
1.185567876510591034e+00 8.917648622918911789e-04 1.167796332947096261e+01 2.498580664858729872e+00 -2.987316191859217707e+00 6.304244269497882414e+00 8.342615250232411628e-02 8.678433826467082945e-02 3.836952978963648064e+00 1.236709176563410145e-02 2.400752628394092203e-01 1.401075063467326926e-05 2.400752628394092203e-01 -6.448049289062680600e-01 -6.440308470193572887e+00 1.921546957968777036e+01 3.824770549466975297e-03
1.185572888260320035e+00 2.278970975705417890e-03 1.166113044945721278e+01 2.463623789289103971e+00 -3.988884460157451795e+00 6.033594533552806283e+00 7.566651912592908813e-02 7.815319890014447990e-02 1.731674124820115068e+00 1.215307551243291484e-02 2.403650060353000883e-01 1.391312655178154936e-06 2.403650060353000883e-01 -3.704513455078142670e+00 -6.590034097203369079e+00 1.921546957968777036e+01 1.544421517991203890e-04
1.185569835926074012e+00 1.606613582002224200e-03 1.166836053834443732e+01 2.400473807469585275e+00 -9.041965543238952296e-01 6.292803228736552512e+00 7.259016013151468882e-02 7.589329913794276572e-02 6.806795908164796849e+00 1.185829560311366451e-02 2.402405223753896202e-01 1.689206324234344189e-03 2.402405223753896202e-01 -5.705850588671893320e+00 -6.446575040244075794e+00 1.921546957968777036e+01 2.409348633905852437e-05
1.185534848977694233e+00 8.266987501829255180e-03 1.159425170900492574e+01 2.352674988079668239e+00 -1.818846357390257795e+00 6.300718904465093750e+00 8.495535541110270372e-02 6.698109289039798353e-02 4.272175592284543910e-01 1.147426168040191312e-02 2.415008499352000459e-01 2.063681421453413011e-04 2.415008499352000459e-01 -6.339546316406284632e+00 -6.442186818457682485e+00 1.921546957968777036e+01 1.284088243836607598e-05
1.185585030217530145e+00 2.844687874235965561e-03 1.166190212220247169e+01 2.374018703216925097e+00 -4.338609803792337516e+00 5.997366818109512110e+00 6.523740697874762240e-02 9.293463505593203833e-02 5.128080706259438237e+00 1.171536286520234726e-02 2.403528455396394259e-01 6.344676641677793724e-07 2.403528455396394259e-01 -4.258986630859396882e+00 -6.610285465025548035e+00 1.921546957968777036e+01 8.692929269848016609e-05
1.185583080702564684e+00 1.196860522186442635e-03 1.168410101354728425e+01 2.492546359709769899e+00 -4.310057001710911884e+00 6.177479605645872951e+00 8.058694969320613632e-02 8.055982813679589405e-02 5.110476317011746872e+00 1.235369207353639344e-02 2.399720158559878191e-01 6.844412748799868390e-07 2.399720158559878191e-01 -9.904847480468674803e-01 -6.510061781657355162e+00 1.921546957968777036e+01 2.524556358805426191e-03
1.185539216249357208e+00 1.114546398758711710e-03 1.168986992676192394e+01 2.496615956269544245e+00 -4.048800163244687389e-01 5.577828427991020632e+00 7.254484301626346054e-02 8.700424171309958932e-02 5.088899941360105927e+00 1.238933432771914186e-02 2.398654633023552529e-01 5.583317836965182891e-03 2.398654633023552529e-01 -4.886879437890627287e+00 -6.848838264869590020e+00 1.921546957968777036e+01 3.654884019690529136e-05
1.185567671923770883e+00 6.202574757391212876e-03 1.162771458209222075e+01 1.830815699124400453e+00 -2.673539430401111527e+00 6.303724917232537805e+00 6.469277073341681006e-02 8.947256813493356664e-02 3.588323166795820640e+00 8.983700384677609924e-03 2.409326030886935754e-01 2.966197744452422430e-05 2.409326030886935754e-01 -1.003383031132815972e+01 -6.440547952108543583e+00 1.921546957968777036e+01 3.198154696243906441e-07
1.185562978577016091e+00 5.094383131010531487e-03 1.163863468770268561e+01 2.485846371263706445e+00 -2.964122977379070711e+00 6.140581012910238279e+00 8.785118716517324733e-02 8.053429280787625932e-02 1.462127371131820119e+00 1.221844891305886097e-02 2.407461485784774258e-01 1.512721498956960492e-05 2.407461485784774258e-01 -1.663218848828137197e+00 -6.530477804704379885e+00 1.921546957968777036e+01 1.262274464184769476e-03
1.185558992061240158e+00 1.609715440656626808e-04 1.170925858349342796e+01 2.441383191238491346e+00 -3.323964747956535515e+00 6.281923795759816187e+00 8.580162396186229168e-02 8.281073570087320312e-02 3.475669785948724666e+00 1.216172171127615637e-02 2.395365861603774293e-01 6.884450491908378444e-06 2.395365861603774293e-01 -3.459607950390619635e+00 -6.452554681570904727e+00 1.921546957968777036e+01 2.263776278506435908e-04
1.185509555533359904e+00 8.825082757670396627e-03 1.159415985054262421e+01 2.460622703620801488e+00 -1.791404467129881217e+00 5.916935906906299003e+00 7.414498170340595717e-02 8.372381365436293299e-02 5.088473725606215581e+00 1.200939574742342954e-02 2.414952292044154625e-01 2.238798768022525908e-04 2.414952292044154625e-01 -4.039614226562520116e+00 -6.655444540407623677e+00 1.921546957968777036e+01 1.034727599859380066e-04
1.185559445155126346e+00 4.227521958745596511e-03 1.164191522273129209e+01 2.476359174881232583e+00 -3.800289454811475842e+00 6.058838176647636686e+00 7.103558883111874001e-02 8.454216730437920380e-02 2.596949659159243140e+00 1.217400508993855303e-02 2.406911793940664235e-01 2.165913579297419641e-06 2.406911793940664235e-01 -3.362147228515624420e+00 -6.575940448756949053e+00 1.921546957968777036e+01 2.205841995177072745e-04
1.185542824823766273e+00 6.435107456220908080e-03 1.163126749173063068e+01 2.490202152340533992e+00 -2.408426911581131036e-01 5.961721559091825107e+00 8.422167405422875675e-02 7.090120709241183594e-02 6.921764074496339347e-01 1.223276887498434516e-02 2.408657708422443644e-01 8.178558713940778727e-03 2.408657708422443644e-01 -4.029324241015615371e+00 -6.630271592587700269e+00 1.921546957968777036e+01 1.072080482621019776e-04
1.185554742974771925e+00 4.126882064101347614e-03 1.165291491528241430e+01 2.460524895454847982e+00 -4.184924074055292209e+00 6.046011363947052963e+00 7.116702203586336428e-02 8.281298866960921934e-02 6.264742661616759634e+00 1.212616357262940453e-02 2.405002340561831486e-01 9.186734082036780532e-07 2.405002340561831486e-01 -3.583568705468763937e+00 -6.583101541342194274e+00 1.921546957968777036e+01 1.755101559131779356e-04
1.185545439622615493e+00 6.535016488215069329e-03 1.161318048446738871e+01 2.491384916119935067e+00 -1.653698784905438757e+00 6.166199855467301205e+00 8.358795000309028611e-02 8.349616422795413939e-02 6.534518206797967466e+00 1.218593329009733800e-02 2.411802970813154978e-01 3.012994316581487763e-04 2.411802970813154978e-01 -2.162490385546902871e+00 -6.516283129042828470e+00 1.921546957968777036e+01 7.771191166532918958e-04
1.185566487227483590e+00 1.070494945866028039e-03 1.168255201536966048e+01 2.392958041815555159e+00 -3.844136554895436930e+00 6.019197526555778666e+00 8.009988030587805730e-02 7.388545153671448318e-02 3.403456797621391416e+00 1.185621546829509695e-02 2.399959391328563285e-01 1.985215732070716624e-06 2.399959391328563285e-01 -3.446798264843778270e+00 -6.598091476602911953e+00 1.921546957968777036e+01 1.982398011983273656e-04
1.185594733788766453e+00 7.579722578892849998e-03 1.160382067830976460e+01 2.331536046764591585e+00 -1.107367392997131494e+00 6.083895865155575677e+00 6.708106538081660963e-02 8.854111378589385462e-02 3.914160375509103673e-01 1.138877495899182600e-02 2.413473376306191076e-01 1.065891425449900587e-03 2.413473376306191076e-01 -7.201263231250038643e+00 -6.561902411861561646e+00 1.921546957968777036e+01 4.812426916814492155e-06
1.185572583354324028e+00 2.326832012475203628e-03 1.166217216655293321e+01 2.464982055879610723e+00 -3.407675168370900565e+00 5.916257372400364645e+00 6.377713249933812667e-02 8.774240833131019546e-02 3.634399786809720645e+00 1.216280088231984878e-02 2.403468985689196646e-01 5.328467105574137879e-06 2.403468985689196646e-01 -4.674344173046904416e+00 -6.655860584801316371e+00 1.921546957968777036e+01 5.482588292763484453e-05
1.185544048257416661e+00 6.598927012835889561e-04 1.167959686729733981e+01 2.285834282155068120e+00 -3.307023723735573295e+00 6.005370619162680335e+00 6.534105728622310871e-02 8.465156641972806928e-02 6.122531773909013708e+00 1.131806997957421172e-02 2.400432109894241606e-01 6.695834326398793825e-06 2.400432109894241606e-01 -8.464317043750043013e+00 -6.605847530286383495e+00 1.921546957968777036e+01 1.302392011351863780e-06
1.185658155302086847e+00 7.659613576626187782e-03 1.161911709444633445e+01 2.467386345394317892e+00 -1.553325221747316132e+00 5.470269152372471133e+00 8.281428028519569051e-02 8.368713406931604926e-02 2.503326909189258487e+00 1.209829453302095625e-02 2.410912974125050123e-01 3.988720806695967474e-04 2.410912974125050123e-01 -6.214343806249985391e+00 -6.910949943060967549e+00 1.921546957968777036e+01 9.107273747757930782e-06
1.185504761095685033e+00 2.017233999995648140e-03 1.166761919900451971e+01 2.427361417860314230e+00 -2.041055467960553926e+00 5.973791369398229634e+00 8.642896035798830479e-02 7.426021598535288704e-02 2.076630604957739656e+00 1.199150213413711225e-02 2.402418005466182560e-01 1.248614806915744721e-04 2.402418005466182560e-01 -3.813952745703147684e+00 -6.623573849648221490e+00 1.921546957968777036e+01 1.338661688754155864e-04
1.185520643245972616e+00 4.792604277319970595e-03 1.164002598993541504e+01 2.468851746604420860e+00 -3.202389371201554091e+00 6.485844294853493786e+00 7.231294650730125950e-02 8.920806121855320847e-02 6.298610155598042049e+00 1.213696561891243128e-02 2.407157452764534522e-01 8.700056347588775224e-06 2.407157452764534522e-01 -3.739675536328149974e+00 -6.341495290167649124e+00 1.921546957968777036e+01 1.911763556396612078e-04
1.185525316575728683e+00 1.864399046710004185e-02 1.148741955700551287e+01 2.487140440262051833e+00 -3.078568561491358047e+00 6.450625007101951525e+00 6.928817312168412956e-02 8.487017119754129701e-02 2.725643152580739859e+00 1.200871149106748706e-02 2.433006661234082824e-01 1.164511474766693419e-05 2.433006661234082824e-01 -7.392472339062493347e+00 -6.360164886288969477e+00 1.921546957968777036e+01 4.863361819300784346e-06
1.185632240147392213e+00 4.073599106385531257e-03 1.164287222912473574e+01 2.468328309211786031e+00 -3.279190996032882222e+00 6.138506761099714382e+00 7.415679264821475880e-02 9.303892706994186523e-02 4.925358087614958968e+00 1.213481675802550834e-02 2.406873774816333800e-01 7.160025719084229665e-06 2.406873774816333800e-01 -2.155228078906247902e+00 -6.531580619105376684e+00 1.921546957968777036e+01 7.708998419785295609e-04
1.185574172029546736e+00 4.180289428135191806e-04 1.168074916800576979e+01 2.293773762418359397e+00 -3.301275934079771268e+00 5.851543024931549652e+00 7.777054498098939783e-02 8.244085384260771421e-02 7.887934361695974950e+00 1.135952565412733442e-02 2.400285671285597999e-01 6.748702747228648265e-06 2.400285671285597999e-01 -5.737339923828130850e+00 -6.692406099589810253e+00 1.921546957968777036e+01 1.825832486625888752e-05
1.185589818723815192e+00 1.928955754795691653e-03 1.168562101167199430e+01 2.386261203310093393e+00 -2.047156402200208891e+00 6.142433101344792590e+00 8.432515838788981477e-02 8.315692598778477718e-02 3.185128471871122358e+00 1.183258700123669856e-02 2.399463032336505153e-01 1.288309070864396776e-04 2.399463032336505153e-01 -3.060233831640630342e+00 -6.529455158262161163e+00 1.921546957968777036e+01 3.125230312906865566e-04
1.185606616028519467e+00 5.615475991939146254e-03 1.163267017252937130e+01 2.481715994752833332e+00 -2.655526483255384207e+00 5.723449041956413907e+00 6.832027478526658815e-02 9.765850467905079491e-02 8.403056612113521950e-01 1.218515810013013657e-02 2.408553231154863528e-01 3.074214432457892440e-05 2.408553231154863528e-01 -5.076683107812527851e+00 -6.765162552783248628e+00 1.921546957968777036e+01 3.286872165210990703e-05
1.185508563079738398e+00 4.356759506098344635e-03 1.164767395303383068e+01 2.498872318465858111e+00 -1.274005516305968921e+00 5.889754180927489813e+00 8.019780826643807536e-02 8.023465243839032757e-02 4.434868074409431316e+00 1.230296370192981124e-02 2.405824549181402316e-01 7.436878993940976464e-04 2.405824549181402316e-01 -2.326315928515640508e+00 -6.670842918353089068e+00 1.921546957968777036e+01 5.652161981941329844e-04
1.185589427510748362e+00 1.670183319469851352e-02 1.149368916555347120e+01 2.369860088929783171e+00 -3.771570363156691474e+00 6.162213832455493367e+00 7.428759630673345549e-02 8.566984614109025842e-02 6.637989732209684135e+00 1.140542064227737309e-02 2.432203810044660242e-01 2.255967927434113168e-06 2.432203810044660242e-01 -8.811582429687518925e+00 -6.518168478472454730e+00 1.921546957968777036e+01 1.004626919622209026e-06
1.185559630906224404e+00 4.690435931840894013e-04 1.168523691611979842e+01 2.438335635573571469e+00 9.460322711671292906e-01 6.615815213002250061e+00 7.364942910037952650e-02 7.353644994231951781e-02 1.686451390474978496e+00 1.208718606005078529e-02 2.399488826755781234e-01 1.000000000000000056e-01 2.399488826755781234e-01 -7.697954350781259336e+00 -6.271569663150680540e+00 1.921546957968777036e+01 3.915108889875229360e-06
1.185549222699878058e+00 6.630076468061048625e-03 1.162161987943207997e+01 2.360716150881595699e+00 -1.029840512785219042e+00 5.613025852513960245e+00 8.412994837037644780e-02 7.742562989010440266e-02 7.667519474768240251e+00 1.157179602776729939e-02 2.410337005311908865e-01 1.301802546467058577e-03 2.410337005311908865e-01 -6.391630574609393989e+00 -6.828498409844362627e+00 1.921546957968777036e+01 8.283272932857238448e-06
1.185566875797980702e+00 4.049228059164000290e-03 1.165189901995804078e+01 2.447321381970311460e+00 -2.863060071932141071e+00 6.298179241121514060e+00 7.840375297200642690e-02 8.234414381834199992e-02 2.675469707025808219e+00 1.205753992545607542e-02 2.405200628108249417e-01 1.916810783553484038e-05 2.405200628108249417e-01 -2.199076798046888825e+00 -6.443613934484790917e+00 1.921546957968777036e+01 8.056717681050704245e-04
1.185528644498183848e+00 3.247404448269540777e-05 1.170050609058023028e+01 2.452755058201443461e+00 2.786674168418574737e-01 6.054920260226455575e+00 7.973272062473082955e-02 8.110056496222246836e-02 2.035504621867976205e+00 1.219734408061069059e-02 2.396814670307412243e-01 2.682821257566479073e-02 2.396814670307412243e-01 -3.137449327734373128e+00 -6.578172993476127495e+00 1.921546957968777036e+01 2.755433138476887783e-04
1.185629814234541168e+00 2.824374901438416038e-05 1.170356209578176099e+01 2.355006432890038415e+00 -1.891338489818104929e+00 6.210828721792381657e+00 7.082555549768258796e-02 8.449006283291325692e-02 6.429773676948198791e+00 1.171711941468512111e-02 2.396461867920449129e-01 1.824113375828775310e-04 2.396461867920449129e-01 -5.502870043750021978e+00 -6.491607572012584981e+00 1.921546957968777036e+01 2.821600981345217716e-05
1.185504281083762157e+00 1.838716036794209308e-02 1.148556913869548168e+01 2.479741990318945710e+00 -3.455816146840525516e+00 6.208567176015498568e+00 7.155143866572255540e-02 9.243771815688303639e-02 7.989918448141819951e+00 1.195813252442419830e-02 2.433328269594011717e-01 4.823276791964470076e-06 2.433328269594011717e-01 -5.614172798437522260e+00 -6.492555179627823136e+00 1.921546957968777036e+01 2.522004660386932570e-05
1.185570157091151433e+00 2.158621543719338540e-03 1.166421875328556190e+01 2.424812112178610146e+00 -2.199427061141413731e+00 6.102214953251619889e+00 7.273840193860793557e-02 8.730711735480198299e-02 2.411499419942093603e+00 1.196940961990349342e-02 2.403113912314964740e-01 8.611090780484782824e-05 2.403113912314964740e-01 -2.425748669140631364e+00 -6.551795992802002644e+00 1.921546957968777036e+01 5.764118915000483517e-04
1.185540806752300780e+00 3.214640413413558540e-03 1.165029436663125395e+01 2.477905131680230966e+00 -1.860258924539681447e+00 6.007408734562390329e+00 6.754555392981498319e-02 9.228115207848897050e-02 2.093565524198108818e-01 1.219877266370288441e-02 2.405452622453133626e-01 1.871129773713903568e-04 2.405452622453133626e-01 -2.890016069140642685e+00 -6.604697562564797231e+00 1.921546957968777036e+01 3.436602502772500146e-04
1.185622275532726366e+00 2.312209629147485811e-03 1.167451082279599639e+01 2.444210669111605672e+00 -2.701768909478102554e+00 6.294591581955664594e+00 8.372664657205844407e-02 8.040081614385131970e-02 2.665423734274964929e+00 1.209216779068837157e-02 2.401425419827243335e-01 2.798080879196151460e-05 2.401425419827243335e-01 -4.567528721484393373e+00 -6.445547023104217566e+00 1.921546957968777036e+01 7.528579050644502025e-05
1.185569759112856669e+00 8.382783122343181797e-04 1.168743831390243137e+01 2.226934091505521351e+00 -1.397938213653690642e+00 5.166095881604608309e+00 5.949391941359046670e-02 9.391577721456979833e-02 5.456694589011759078e+00 1.104459607563030264e-02 2.399125985911210179e-01 5.581185164946544713e-04 2.399125985911210179e-01 -9.319802237109399812e+00 -7.089726720586165598e+00 1.921546957968777036e+01 3.412425373812834060e-07
1.185629000309352366e+00 1.182566268892754492e-04 1.169774824311497419e+01 2.493759794627886439e+00 -3.067376986151915563e+00 5.893834945747077114e+00 8.272021287151823388e-02 8.546338317827559261e-02 2.595096005405827633e+00 1.239285744096486723e-02 2.397457672464941569e-01 1.200094418011055592e-05 2.397457672464941569e-01 -1.861770791015601390e+00 -6.668461202641961627e+00 1.921546957968777036e+01 9.015677233974634958e-04
1.185548701838356811e+00 5.874063205386243283e-03 1.163531531168680111e+01 2.429326061868128939e+00 -3.209895652137514599e+00 6.224552393647163839e+00 9.092468576743270581e-02 8.044988331245982172e-02 1.534421907319972078e+00 1.193904410475649450e-02 2.407986511151174458e-01 8.725889015353907550e-06 2.407986511151174458e-01 -2.875657709765619074e+00 -6.484068826284802078e+00 1.921546957968777036e+01 3.933267221052310736e-04
1.185658155302086847e+00 7.659613576626187782e-03 1.161911709444633445e+01 2.467386345394317892e+00 -1.553325221747316132e+00 5.470269152372471133e+00 8.281428028519569051e-02 8.368713406931604926e-02 2.503326909189258487e+00 1.209829453302095625e-02 2.410912974125050123e-01 3.988720806695967474e-04 2.410912974125050123e-01 -6.214343806249985391e+00 -6.910949943060967549e+00 1.921546957968777036e+01 9.107273747757930782e-06
1.185538690801148043e+00 5.059504501119870684e-03 1.164211285329503731e+01 2.468543664757375300e+00 -2.690218519745368742e-01 5.908461607913678471e+00 7.878964420319081730e-02 7.940187228961280430e-02 8.741730535282732362e-01 1.214338736800441715e-02 2.406818425773829540e-01 7.566701106034398605e-03 2.406818425773829540e-01 -3.345203388671876610e+00 -6.660257908108995650e+00 1.921546957968777036e+01 2.062122255748160930e-04
1.185509279745887934e+00 4.113666327227720812e-03 1.164146790453939317e+01 2.470054773372480916e+00 -3.417467455958163036e+00 6.089139147731033930e+00 7.377248294445211407e-02 7.971291114041376136e-02 4.759094953146661311e+00 1.214178024692424800e-02 2.406906872617049498e-01 5.210862710774014465e-06 2.406906872617049498e-01 -3.286875000390637069e+00 -6.559105036329520466e+00 1.921546957968777036e+01 2.418667899318069825e-04
1.185507074557098806e+00 5.244343057213862389e-03 1.162921583136080805e+01 2.429456384905940958e+00 -1.735923408045125349e+00 6.153160750382097532e+00 8.199172334035674525e-02 8.764666063043477506e-02 5.619685550109732475e+00 1.191697760023926675e-02 2.408995762562196052e-01 2.506655735306090858e-04 2.408995762562196052e-01 -1.492471311718759353e+00 -6.523552350179842030e+00 1.921546957968777036e+01 1.507704379588772426e-03
1.185571601005701581e+00 4.393759625556038079e-03 1.164679872330078148e+01 2.497636342790386710e+00 -3.222911210099302259e+00 6.203781879434319357e+00 8.559919034434355922e-02 7.460559322624374379e-02 7.985096708598869775e+00 1.229359421621623212e-02 2.406082261731083971e-01 8.340497578918033283e-06 2.406082261731083971e-01 -1.321816403906268533e+00 -6.495521304604880086e+00 1.921546957968777036e+01 1.839096041300387506e-03
1.185520054628174114e+00 3.169899149557888537e-03 1.166590441848946291e+01 2.483130693956034918e+00 -2.794562653792344253e+00 6.103235902154416692e+00 7.628350522504848130e-02 7.909320152160158324e-02 3.269529988471060022e+00 1.226750385333147744e-02 2.402721242449364913e-01 2.272849729908917626e-05 2.402721242449364913e-01 -2.718845208203106267e+00 -6.551264251248168691e+00 1.921546957968777036e+01 4.302032179978680084e-04
1.185534310712301975e+00 6.972362922385777310e-03 1.163902432734437298e+01 2.398987350850344313e+00 -4.207410519708789209e+00 5.289646533622848423e+00 7.204531010169132332e-02 9.035553132344532890e-02 6.418212313054789675e-01 1.181269902435748073e-02 2.407275356406550215e-01 9.176550197090987239e-07 2.407275356406550215e-01 -9.759843064453150419e+00 -7.016694880380466515e+00 1.921546957968777036e+01 2.364139965024035908e-07
1.185565612045814898e+00 1.048020314199276390e-03 1.167542241682018300e+01 2.473053712809979654e+00 -3.478618402289300082e+00 6.120091293133412158e+00 7.764999330570258873e-02 8.296597238089571669e-02 4.800812571159829290e-01 1.223436180778999550e-02 2.401185445342060021e-01 4.510545441678737916e-06 2.401185445342060021e-01 -1.416058899609396349e+00 -6.541872830125442739e+00 1.921546957968777036e+01 1.597883830314190479e-03
1.185531393655564258e+00 2.205619284307652750e-03 1.167081612774045141e+01 2.486078835285124189e+00 -4.010266884592625480e+00 6.436369063145808589e+00 7.346860377961215993e-02 8.377197293610200157e-02 5.390363051978940057e+00 1.229044985041419062e-02 2.401909467854171920e-01 1.359716462253902235e-06 2.401909467854171920e-01 -4.319817689843745256e+00 -6.368301542943762605e+00 1.921546957968777036e+01 1.041933099898904023e-04
1.185523378630150448e+00 1.440820976713921972e-03 1.168508576336665250e+01 2.462232756299309155e+00 -2.587425610186106173e+00 6.292399486087705718e+00 7.736986607718965292e-02 8.936503082930222219e-02 1.658305420357306659e+00 1.220745870145240400e-02 2.399447589042280615e-01 3.657740853223394019e-05 2.399447589042280615e-01 -2.489524245312509265e+00 -6.446836203387048769e+00 1.921546957968777036e+01 6.006465796844623600e-04
1.185564727991640144e+00 3.479769177519297942e-04 1.169672531360478374e+01 2.368342535894602197e+00 -3.157054382298518647e+00 6.185023742735399566e+00 7.542165839539193006e-02 8.495300375874284549e-02 4.109618740120384750e+00 1.176810788201447175e-02 2.397524065907270518e-01 9.822131541570289825e-06 2.397524065907270518e-01 -2.837662483984388473e+00 -6.505908814074840230e+00 1.921546957968777036e+01 3.997326139395831731e-04
1.185500181647412887e+00 1.992942487807645123e-03 1.167270832615600185e+01 2.459631392220588797e+00 -4.417313753641626484e+00 6.211298395798502625e+00 7.070486241230165836e-02 9.854837446744592333e-02 6.987051783260855409e+00 1.216440057927758826e-02 2.401533131371683116e-01 5.322770746332526569e-07 2.401533131371683116e-01 -1.311975633593760904e+00 -6.491453097030767339e+00 1.921546957968777036e+01 1.864854710580279937e-03
1.185609461859151947e+00 1.772002492149098770e-03 1.165811000212406334e+01 2.496399835396739153e+00 -3.251920511710757467e+00 6.263797108846818062e+00 7.379323061556689045e-02 8.654821012829307103e-02 5.143656194276108096e+00 1.230396499654770257e-02 2.404240276555157374e-01 7.395769302374756400e-06 2.404240276555157374e-01 -4.553565192187534194e+00 -6.462461477540295540e+00 1.921546957968777036e+01 7.506395524521597233e-05
1.185563134445046574e+00 1.526617473732381960e-03 1.169531657820619763e+01 2.490992191291538038e+00 -3.592497762107227377e+00 6.122700903723482746e+00 7.012605288522226477e-02 7.763031993024939459e-02 9.521270803315751152e-01 1.237598595059939167e-02 2.397756276575614409e-01 3.724928661645832768e-06 2.397756276575614409e-01 -6.477406711718771248e+00 -6.540424731204067754e+00 1.921546957968777036e+01 1.014048384577889369e-05
1.185632197593700310e+00 4.420075955561783218e-03 1.164376228608757557e+01 2.497147938883566454e+00 -3.330144777180099602e+00 6.094335183321243576e+00 8.124018968455765100e-02 8.860192044859951932e-02 3.433645191573030608e+00 1.228169605596038556e-02 2.406710443315451253e-01 6.454907997619194553e-06 2.406710443315451253e-01 -1.665070531640594709e+00 -6.556107507133370760e+00 1.921546957968777036e+01 1.228057728424426743e-03
1.185538529935202812e+00 8.416919580784351304e-03 1.159161363386327537e+01 2.487498945594522670e+00 -3.723766611147068417e+00 6.266314937104021432e+00 7.318696002549175683e-02 9.474686083752159593e-02 2.748352356272834029e-01 1.212568354904763890e-02 2.415468235756900728e-01 2.561475774218919008e-06 2.415468235756900728e-01 -2.886246914843752620e+00 -6.461056769064911443e+00 1.921546957968777036e+01 3.982434384053744510e-04
1.185513760420666030e+00 5.929213890624419718e-03 1.162334983811007483e+01 2.490656914242607822e+00 1.458539380000625774e-01 6.047252691487748244e+00 8.477960573209046558e-02 7.459454264647046029e-02 5.498056921499126837e+00 1.220664812494089667e-02 2.410002788255078965e-01 1.919024132285658893e-02 2.410002788255078965e-01 -2.397825797265653591e+00 -6.582421532319185253e+00 1.921546957968777036e+01 5.748561450121400995e-04
1.185542541690453699e+00 1.016552150560398127e-03 1.168874664190994039e+01 2.477327098082667156e+00 -2.119242021444725399e+00 6.294757447862416200e+00 7.050159330343615249e-02 9.882503050916009724e-02 6.000773314823753424e+00 1.229049958486339023e-02 2.398853951850848931e-01 1.070996958401607184e-04 2.398853951850848931e-01 -2.540778930078118947e+00 -6.445528521682431844e+00 1.921546957968777036e+01 5.713829810681704405e-04
1.185534958560672258e+00 3.983143275610460422e-03 1.163698091302238780e+01 2.471822486924220463e+00 -3.448928999121734673e+00 6.347399758969746841e+00 7.818870442442243940e-02 8.563405489511360935e-02 7.750971392748716049e+00 1.213630101617907409e-02 2.407731594789019880e-01 4.761146750038590401e-06 2.407731594789019880e-01 -4.776176007031267545e+00 -6.416713517996270433e+00 1.921546957968777036e+01 6.289568946979749817e-05
1.185501242065994942e+00 1.258305103912520225e-03 1.166676393960113778e+01 2.465371161387843735e+00 -1.602638729142949581e+00 6.218423231020851816e+00 8.340576684918539485e-02 7.578110495641239563e-02 4.024490925416666975e+00 1.217482872612037775e-02 2.402567271611463218e-01 3.335357892291481645e-04 2.402567271611463218e-01 -3.368706985546879196e+00 -6.487526394925453133e+00 1.921546957968777036e+01 2.393995171061525241e-04
1.185572015538520319e+00 4.867391602925751418e-03 1.164271815987157410e+01 2.443393084493336254e+00 2.445156952164913022e-01 6.204182135961193723e+00 7.367625651263860764e-02 9.328221646501565212e-02 4.906152044889637409e+00 1.201909994866974703e-02 2.406776130508325728e-01 2.455587890101698645e-02 2.406776130508325728e-01 -1.573222280859397415e+00 -6.495294813341017992e+00 1.921546957968777036e+01 1.430601211173685621e-03
1.185506173175782330e+00 4.213755265609376958e-03 1.164734079631489472e+01 2.332415977910760496e+00 -2.283226867446780162e+00 6.073677886349382327e+00 6.516316072448019581e-02 8.933720368009342994e-02 1.666370357529996404e+00 1.148155912435402243e-02 2.405881934565823332e-01 7.241303434973129713e-05 2.405881934565823332e-01 -4.593964869921876470e+00 -6.567714615827517477e+00 1.921546957968777036e+01 6.488961988271229405e-05
1.185569835738626621e+00 5.623171400509741416e-03 1.162070839154806379e+01 2.487875482865311128e+00 -1.695314858674276337e+00 5.686479262003021340e+00 7.672611899705766847e-02 9.310824090806367470e-02 3.290293893131732261e+00 1.218095208067743705e-02 2.410568469094118704e-01 2.714445226467696384e-04 2.410568469094118704e-01 -4.434526713671886000e+00 -6.786332845005683900e+00 1.921546957968777036e+01 6.116086950293424316e-05
1.185523378630150448e+00 1.440820976713921972e-03 1.168508576336665250e+01 2.462232756299309155e+00 -2.587425610186106173e+00 6.292399486087705718e+00 7.736986607718965292e-02 8.936503082930222219e-02 1.658305420357306659e+00 1.220745870145240400e-02 2.399447589042280615e-01 3.657740853223394019e-05 2.399447589042280615e-01 -2.489524245312509265e+00 -6.446836203387048769e+00 1.921546957968777036e+01 6.006465796844623600e-04
1.185503319117011012e+00 6.606174285920242591e-03 1.163607413554511005e+01 2.388666523328908387e+00 4.032865388313444099e-01 6.229986608055746444e+00 7.410158549385720272e-02 8.070972808559778722e-02 4.115926868575439102e-01 1.174997975212340416e-02 2.407749504691695241e-01 3.675677226795540098e-02 2.407749504691695241e-01 -5.539203283593764127e+00 -6.481102383393949395e+00 1.921546957968777036e+01 2.749657604609229188e-05
1.185571910574304555e+00 6.553324491674660315e-03 1.164309047342174885e+01 2.499350131202797254e+00 -2.981904068739085645e+00 5.708802420861676552e+00 8.635654212132208574e-02 8.214232294347571794e-02 1.184762274483289524e+00 1.231278402238012576e-02 2.406652095846373296e-01 1.538136600342279421e-05 2.406652095846373296e-01 -5.586446229296882393e+00 -6.773546549797494265e+00 1.921546957968777036e+01 1.957737137147827670e-05
1.185638661202653266e+00 1.258435263512236143e-03 1.167956562664382680e+01 2.452919992112006398e+00 -8.287323384043119301e-01 6.230186647782265830e+00 8.827484932338434953e-02 6.644990338699709176e-02 2.005491438200460053e+00 1.214486593397681898e-02 2.400594359524347854e-01 2.047919896137733939e-03 2.400594359524347854e-01 -4.462170833203146003e+00 -6.480928515078356433e+00 1.921546957968777036e+01 8.074272040148528558e-05
1.185537851446104352e+00 7.124373998872501022e-03 1.160636593303492958e+01 2.465241726008590817e+00 -2.805511657841485373e+00 6.014855053059483758e+00 8.830083608827415942e-02 8.443205269705049421e-02 3.322264487141294964e+00 1.204480895804028659e-02 2.412952826718873789e-01 2.123453868562959131e-05 2.412952826718873789e-01 -3.462737324218750246e+00 -6.600484923834240014e+00 1.921546957968777036e+01 1.946386783921646979e-04
1.185549340969410448e+00 3.043073081011388008e-03 1.165694702878216837e+01 2.440424429537538131e+00 -4.077075365349159819e-01 6.351804938495096309e+00 7.984063690682802195e-02 7.753057390904860569e-02 3.107529683405855891e+00 1.203131692408325980e-02 2.404320146190340735e-01 5.375167680780288185e-03 2.404320146190340735e-01 -3.101888455468753136e+00 -6.414304014666391218e+00 1.921546957968777036e+01 3.363575349590779227e-04
1.185568338317174231e+00 1.102949553145033887e-03 1.167734804607150245e+01 2.481950548456277161e+00 7.592802554908472112e-01 6.048179759337154238e+00 7.567137163218747020e-02 8.267801552559050915e-02 5.911125571849083826e+00 1.228352793572204220e-02 2.400858049314397169e-01 7.856896799758411598e-02 2.400858049314397169e-01 -1.655283849218733394e+00 -6.581898835129592840e+00 1.921546957968777036e+01 1.208559546681225354e-03
1.185580398230038579e+00 1.662272745162614350e-03 1.168371290710549992e+01 2.388034349771855247e+00 -2.445448151210968035e+00 5.860388534389778137e+00 7.729057495644209297e-02 8.020596917152243710e-02 4.223085409363784848e+00 1.183592273306666512e-02 2.399778225135983378e-01 5.080468702531437523e-05 2.399778225135983378e-01 -4.237847144921886411e+00 -6.687393294344079031e+00 1.921546957968777036e+01 8.219765036019625187e-05
1.185501204380566387e+00 1.880279792340064371e-02 1.149654111779458887e+01 2.395835787868493494e+00 -4.067388587177541481e+00 6.266476873310364404e+00 8.268760622500276325e-02 7.738329637392316052e-02 5.423960440196676558e+00 1.160667643993144177e-02 2.431323060778126099e-01 1.232656268836886382e-06 2.431323060778126099e-01 -7.010041282031266974e+00 -6.460659982088801101e+00 1.921546957968777036e+01 6.447328715413104917e-06
1.185568042226086138e+00 5.146627958236270686e-03 1.163256314910332101e+01 2.457441263046572288e+00 -3.556920059374233833e+00 5.949390198760334592e+00 6.944800043872406681e-02 8.809177008555037214e-02 7.400979258495089752e+00 1.206188715711526034e-02 2.408521631491717940e-01 3.803296214311413887e-06 2.408521631491717940e-01 -3.439366718359394781e+00 -6.637195714096164600e+00 1.921546957968777036e+01 1.920594047740123347e-04
1.185620091014056854e+00 7.668832961275078193e-04 1.168417933080547222e+01 2.407016759368933112e+00 -2.647790896636283975e+00 6.163308330459979167e+00 8.040787952515178472e-02 8.393605080818232478e-02 3.708679792834558064e+00 1.192870006001472971e-02 2.399772055330726128e-01 3.099559032780958173e-05 2.399772055330726128e-01 -4.256455308593757536e+00 -6.517870904525384645e+00 1.921546957968777036e+01 9.558739342040182489e-05
1.185571601005701581e+00 4.393759625556038079e-03 1.164679872330078148e+01 2.497636342790386710e+00 -3.222911210099302259e+00 6.203781879434319357e+00 8.559919034434355922e-02 7.460559322624374379e-02 7.985096708598869775e+00 1.229359421621623212e-02 2.406082261731083971e-01 8.340497578918033283e-06 2.406082261731083971e-01 -1.321816403906268533e+00 -6.495521304604880086e+00 1.921546957968777036e+01 1.839096041300387506e-03
1.185549308184919992e+00 3.870112248463205944e-03 1.164672619736006531e+01 2.362960553666561658e+00 -1.736532553775025800e+00 5.990610140698002795e+00 8.058417655625388365e-02 8.024481534214622513e-02 2.740087274004513240e+00 1.162719132429490543e-02 2.406070257075533791e-01 2.514659730554037547e-04 2.406070257075533791e-01 -4.412578308984393516e+00 -6.614092697127147424e+00 1.921546957968777036e+01 7.426918665147502741e-05
1.185550257937880492e+00 3.897814237394033564e-03 1.164471897436412640e+01 2.491717152609019159e+00 -2.754321361973014692e+00 6.205139422970989749e+00 6.640590299061871482e-02 9.611252874402684276e-02 3.644157318899261533e+00 1.225524256057728724e-02 2.406418754795790482e-01 2.402053447923580302e-05 2.406418754795790482e-01 -3.050450609375019440e+00 -6.494795119986330079e+00 1.921546957968777036e+01 3.267258457775288911e-04
1.185520275451319216e+00 4.599281533548289953e-03 1.163808636240366567e+01 2.458578305323701141e+00 -2.171426999257175527e+00 6.163742818848108485e+00 8.542864119154743030e-02 6.350385992607249230e-02 4.948529240003818330e+00 1.207936351124280945e-02 2.407498648404626240e-01 9.234540980591257728e-05 2.407498648404626240e-01 -4.401433355078154364e+00 -6.517689946453522509e+00 1.921546957968777036e+01 8.270200574183187770e-05
1.185571419386245884e+00 6.008351445925494763e-03 1.163740794463878281e+01 2.390895637627102222e+00 -3.839793437424030120e+00 6.376311645903999903e+00 7.352510992431386672e-02 9.314761572430452219e-02 6.969912323641633378e+00 1.175696108598600458e-02 2.407657319385432260e-01 2.065419732011023031e-06 2.407657319385432260e-01 -4.244075756640654618e+00 -6.400886301828002445e+00 1.921546957968777036e+01 1.087884420939766233e-04
1.185541047616703647e+00 6.810362911440930034e-03 1.161673582315744646e+01 2.278868902612497305e+00 -4.161400779380733717e+00 6.020817311744561806e+00 8.100039852852045086e-02 7.741562821371934799e-02 6.378135548996801241e+00 1.115936653236548719e-02 2.411165289301737680e-01 9.540631658307311640e-07 2.411165289301737680e-01 -5.969724293359377043e+00 -6.597152867814148003e+00 1.921546957968777036e+01 1.591862799239517586e-05
1.185522025054725370e+00 2.205696811772870093e-05 1.170665975264880210e+01 2.445252145464999582e+00 -1.815590062486922340e+00 5.438036554219662477e+00 7.649753520778848626e-02 8.488520952539942155e-02 2.487044879816332710e+00 1.217518064595692236e-02 2.395748581051284631e-01 2.196243925062994588e-04 2.395748581051284631e-01 -5.794160998437519083e+00 -6.929889186662727241e+00 1.921546957968777036e+01 1.360336204515575700e-05
1.185633281068886324e+00 1.436934533627203837e-02 1.154074980691652463e+01 2.396650410084744554e+00 -1.621275766675996266e+00 6.152846545637727260e+00 8.481953755052702715e-02 6.832965545310440425e-02 1.671423407555290730e+00 1.163514737416320236e-02 2.424154810526188419e-01 3.382624190152125365e-04 2.424154810526188419e-01 -8.619668489843775205e+00 -6.523405134621913071e+00 1.921546957968777036e+01 1.210814812851448172e-06
1.185525971665082556e+00 8.606440634186686813e-04 1.167979140074043976e+01 2.364129151602439194e+00 -2.841271900082904089e+00 6.085550737859840353e+00 8.279295177473365575e-02 6.991398840396524650e-02 2.406167446012862143e+00 1.170675215327161671e-02 2.400367021256005762e-01 1.971639335128027806e-05 2.400367021256005762e-01 -5.462604146093781310e+00 -6.561107346844152310e+00 1.921546957968777036e+01 2.740308678829263568e-05
1.185592391680976965e+00 6.809852669747544669e-03 1.162443184250819428e+01 2.497701062191227894e+00 -2.831243801544059302e+00 6.106395939378748139e+00 7.602911189070882259e-02 8.388524001468951330e-02 1.065433383538794132e-01 1.225300152903207630e-02 2.409914308014277085e-01 2.082260308572031468e-05 2.409914308014277085e-01 -3.230236214062529143e+00 -6.549403271775209312e+00 1.921546957968777036e+01 2.584565696276481172e-04
